Name, X, Y, SO2, NO2, PM10, CO, O3, PM2_5, AQI
广雅中学, 113.2347, 23.1422, 7.0, 43.0, 37.0, 1.1, 153.0, 33.0, 55.0
市五中, 113.2612, 23.1050, 40.0, 50.0, 42.0, 0.6, 121.0, 33.0, 63.0
市监测站, 113.2597, 23.1331, 13.0, 54.0, 42.0, 1.1, 120.0, 30.0, 68.0
天河职幼, 113.3220, 23.1317, 10.0, 50.0, 34.0, 2.0, 133.0, 25.0, 63.0
麓湖, 113.2765, 23.1542, 9.0, 36.0, 49.0, 0.6, 213.0, 40.0, 107.0
广东商学院, 113.3479, 23.0914, 14.0, 42.0, 39.0, 0.3, 151.0, 27.0, 75.0
市八十六中, 113.4332, 23.1047, 13.0, 47.0, 58.0, 0.8, 187.0, 25.0, 89.0
番禺中学, 113.3516, 22.9475, 22.0, 40.0, 43.0, 1.0, 224.0, 37.0, 112.0
花都师范, 113.2147, 23.3917, 27.0, 29.0, 67.0, 0.8, 142.0, 47.0, 65.0
九龙镇镇龙, 113.5619, 23.3108, 11.0, 27.0, 43.0, 1.0, 155.0, 38.0, 54.0
杨箕路边站, 113.3011, 23.1294, 8.0, 48.0, 70.0, 1.0, 106.0, 27.0, 60.0
黄沙路边站, 113.2314, 23.1161, 6.0, 45.0, 69.0, 1.0, 112.0, 33.0, 60.0
南沙科学馆, 113.6042, 22.7737, 9.0, 18.0, 23.0, 1.0, 103.0, 19.0, 40.0
黄阁子站, 113.4922, 22.8167, 15.0, 20.0, 39.0, 0.5, 92.0, 16.0, 39.0
十八涌, 113.6331, 22.6133, 8.0, 10.0, 18.0, 0.6, 97.0, 18.0, 40.0
番禺沙湾, 113.3367, 22.9090, 13.0, 15.0, 56.0, 0.8, 254.0, 25.0, 127.0
大石中学, 113.3028, 23.0269, 14.0, 36.0, 48.0, 0.8, 133.0, 27.0, 48.0
思源中学, 113.4161, 23.1439, 10.0, 25.0, 29.0, 1.0, 164.0, 24.0, 61.0
龙洞小学, 113.3608, 23.1986, 7.0, 45.0, 41.0, 1.0, 133.0, 30.0, 57.0
西区子站, 113.5256, 23.0632, 11.0, 41.0, 64.0, 1.3, 154.0, 48.0, 67.0
永和子站, 113.5472, 23.2033, 20.0, 29.0, 59.0, 1.7, 154.0, 49.0, 68.0
科学城, 113.4256, 23.1556, 20.0, 20.0, 55.0, 1.1, 130.0, 26.0, 53.0
增城环保局, 113.8214, 23.2872, 8.0, 41.0, 58.0, 0.8, 175.0, 40.0, 75.0
新塘镇政府, 113.6139, 23.1224, 28.0, 32.0, 50.0, 0.1, 182.0, 38.0, 78.0
从化环保局, 113.5894, 23.5538, 9.0, 25.0, 44.0, 1.5, 207.0, 28.0, 104.0
黄埔文冲, 113.4781, 23.0959, 15.0, 36.0, 63.0, 0.6, 72.0, 33.0, 57.0
白云嘉禾, 113.2885, 23.2391, 4.0, 39.0, 54.0, 0.5, 142.0, 61.0, 83.0
荔福路沙园, 113.2622, 23.0882, 9.0, 43.0, 41.0, 0.5, 139.0, 21.0, 54.0
帽峰山, 113.4433, 23.3033, -1.0, -1.0, -1.0, -1.0, -1.0, -1.0, -1.0
