Name, X, Y, SO2, NO2, PM10, CO, O3, PM2_5, AQI
广雅中学, 113.2347, 23.1422, 16.0, 67.0, 40.0, 1.1, 24.0, 38.0, 84.0
市五中, 113.2612, 23.1050, 22.0, 63.0, 28.0, 1.9, 17.0, 38.0, 79.0
市监测站, 113.2597, 23.1331, 18.0, 62.0, 41.0, 0.9, 14.0, 32.0, 78.0
天河职幼, 113.3220, 23.1317, 29.0, 70.0, 48.0, 1.1, 14.0, 33.0, 88.0
麓湖, 113.2765, 23.1542, 14.0, 55.0, 37.0, 1.4, 17.0, 38.0, 69.0
广东商学院, 113.3479, 23.0914, 20.0, 64.0, 59.0, 0.4, 38.0, 38.0, 80.0
市八十六中, 113.4332, 23.1047, 10.0, 23.0, 46.0, 0.7, 17.0, 30.0, 46.0
番禺中学, 113.3516, 22.9475, 30.0, 57.0, 35.0, 1.2, 21.0, 34.0, 72.0
花都师范, 113.2147, 23.3917, 19.0, 41.0, 55.0, 0.8, 45.0, 38.0, 54.0
九龙镇镇龙, 113.5619, 23.3108, 13.0, 32.0, 45.0, 1.0, 60.0, 44.0, 62.0
杨箕路边站, 113.3011, 23.1294, 17.0, 66.0, 74.0, 0.9, 21.0, 36.0, 83.0
黄沙路边站, 113.2314, 23.1161, 12.0, 64.0, 62.0, 1.2, 20.0, 33.0, 80.0
南沙科学馆, 113.6042, 22.7737, 7.0, 27.0, 42.0, 0.7, 50.0, 17.0, 42.0
黄阁子站, 113.4922, 22.8167, 14.0, 54.0, 28.0, 0.5, 47.0, 23.0, 68.0
十八涌, 113.6331, 22.6133, 9.0, 49.0, 21.0, 0.6, 50.0, 22.0, 62.0
番禺沙湾, 113.3367, 22.9090, 20.0, 36.0, 48.0, 0.6, 40.0, 24.0, 48.0
大石中学, 113.3028, 23.0269, 24.0, 64.0, 49.0, 1.1, 31.0, 33.0, 80.0
思源中学, 113.4161, 23.1439, 16.0, 40.0, 34.0, 1.2, 24.0, 27.0, 50.0
龙洞小学, 113.3608, 23.1986, 16.0, 62.0, 48.0, 1.0, 24.0, 32.0, 78.0
西区子站, 113.5256, 23.0632, 14.0, 58.0, 60.0, 1.1, 34.0, 51.0, 73.0
永和子站, 113.5472, 23.2033, 49.0, 46.0, 77.0, 1.2, 38.0, 46.0, 64.0
科学城, 113.4256, 23.1556, 35.0, 54.0, 67.0, 0.9, 29.0, 33.0, 68.0
增城环保局, 113.8214, 23.2872, 8.0, 32.0, 41.0, 1.0, 56.0, 24.0, 41.0
新塘镇政府, 113.6139, 23.1224, 30.0, 54.0, 60.0, 0.9, 38.0, 45.0, 68.0
从化环保局, 113.5894, 23.5538, 5.0, 16.0, 28.0, 1.0, 62.0, 20.0, 29.0
黄埔文冲, 113.4781, 23.0959, 15.0, 63.0, 76.0, 0.6, 13.0, 42.0, 79.0
白云嘉禾, 113.2885, 23.2391, 10.0, 82.0, 66.0, 1.2, 49.0, 62.0, 101.0
荔福路沙园, 113.2622, 23.0882, 15.0, 64.0, 42.0, 0.8, 18.0, 28.0, 80.0
帽峰山, 113.4433, 23.3033, 10.0, 7.0, 35.0, 1.0, 36.0, 23.0, 35.0
