Name, X, Y, SO2, NO2, PM10, CO, O3, PM2_5, AQI
广雅中学, 113.2347, 23.1422, 22.0, 59.0, 35.0, 0.7, 117.0, 30.0, 74.0
市五中, 113.2612, 23.1050, 23.0, 29.0, 32.0, 1.3, 105.0, 27.0, 39.0
市监测站, 113.2597, 23.1331, 20.0, 50.0, 29.0, 1.3, 81.0, 21.0, 63.0
天河职幼, 113.3220, 23.1317, 28.0, 37.0, 35.0, 1.5, 64.0, 21.0, 47.0
麓湖, 113.2765, 23.1542, 15.0, 29.0, 36.0, 0.6, 77.0, 33.0, 48.0
广东商学院, 113.3479, 23.0914, 29.0, 27.0, 37.0, 1.1, 88.0, 24.0, 37.0
市八十六中, 113.4332, 23.1047, 24.0, 21.0, 45.0, 0.8, 58.0, 24.0, 45.0
番禺中学, 113.3516, 22.9475, 25.0, 43.0, 28.0, 0.9, 101.0, 27.0, 54.0
花都师范, 113.2147, 23.3917, 23.0, 30.0, 38.0, 0.9, 97.0, 31.0, 45.0
九龙镇镇龙, 113.5619, 23.3108, 15.0, 21.0, 29.0, 0.9, 61.0, 28.0, 40.0
杨箕路边站, 113.3011, 23.1294, 21.0, 16.0, 61.0, 0.8, 66.0, 21.0, 56.0
黄沙路边站, 113.2314, 23.1161, 16.0, 59.0, 63.0, 1.4, 75.0, 24.0, 74.0
南沙科学馆, 113.6042, 22.7737, 19.0, 22.0, 19.0, 0.7, 45.0, 16.0, 28.0
黄阁子站, 113.4922, 22.8167, 16.0, 33.0, 24.0, 0.5, 68.0, 10.0, 42.0
十八涌, 113.6331, 22.6133, 12.0, 28.0, 13.0, 0.3, 50.0, 9.0, 35.0
番禺沙湾, 113.3367, 22.9090, 29.0, 32.0, 43.0, 0.8, 110.0, 19.0, 43.0
大石中学, 113.3028, 23.0269, 44.0, 40.0, 33.0, 0.7, 116.0, 19.0, 50.0
思源中学, 113.4161, 23.1439, 15.0, 33.0, 29.0, 1.3, 82.0, 20.0, 42.0
龙洞小学, 113.3608, 23.1986, 16.0, 46.0, 38.0, 1.2, 77.0, 26.0, 58.0
西区子站, 113.5256, 23.0632, 50.0, 43.0, 60.0, 1.4, 83.0, 42.0, 59.0
永和子站, 113.5472, 23.2033, 28.0, 35.0, 59.0, 2.1, 49.0, 49.0, 68.0
科学城, 113.4256, 23.1556, 38.0, 33.0, 51.0, 1.3, 60.0, 24.0, 51.0
增城环保局, 113.8214, 23.2872, 3.0, 29.0, 25.0, 1.0, 75.0, 17.0, 37.0
新塘镇政府, 113.6139, 23.1224, 40.0, 38.0, 47.0, 0.9, 87.0, 35.0, 50.0
从化环保局, 113.5894, 23.5538, 6.0, 21.0, 18.0, 1.6, 86.0, 17.0, 40.0
黄埔文冲, 113.4781, 23.0959, 16.0, 46.0, 58.0, 0.6, 50.0, 29.0, 58.0
白云嘉禾, 113.2885, 23.2391, 8.0, 37.0, 72.0, 1.2, 63.0, 48.0, 67.0
荔福路沙园, 113.2622, 23.0882, 20.0, 46.0, 38.0, 0.6, 124.0, 18.0, 58.0
帽峰山, 113.4433, 23.3033, 20.0, 28.0, 36.0, 0.5, 90.0, 36.0, 52.0
