Name, X, Y, SO2, NO2, PM10, CO, O3, PM2_5, AQI
广雅中学, 113.2347, 23.1422, 7.0, 52.0, 45.0, 1.1, 117.0, 33.0, 65.0
市五中, 113.2612, 23.1050, 5.0, 46.0, 39.0, 1.4, 94.0, 37.0, 58.0
市监测站, 113.2597, 23.1331, 6.0, 54.0, 44.0, 0.2, 93.0, 29.0, 68.0
天河职幼, 113.3220, 23.1317, 8.0, 40.0, 39.0, 1.0, 106.0, 31.0, 50.0
麓湖, 113.2765, 23.1542, 10.0, 34.0, 41.0, 0.6, 100.0, 34.0, 49.0
广东商学院, 113.3479, 23.0914, 4.0, 20.0, 39.0, 0.5, 98.0, 28.0, 41.0
市八十六中, 113.4332, 23.1047, 6.0, 26.0, 37.0, 0.6, 100.0, 22.0, 44.0
番禺中学, 113.3516, 22.9475, 15.0, 39.0, 43.0, 1.1, 77.0, 34.0, 49.0
花都师范, 113.2147, 23.3917, 14.0, 7.0, 41.0, 1.2, 156.0, 33.0, 86.0
九龙镇镇龙, 113.5619, 23.3108, 4.0, 15.0, 26.0, 0.6, 83.0, 29.0, 42.0
杨箕路边站, 113.3011, 23.1294, 13.0, 39.0, 72.0, 0.9, 54.0, 30.0, 61.0
黄沙路边站, 113.2314, 23.1161, 6.0, 62.0, 59.0, 1.2, 91.0, 35.0, 78.0
南沙科学馆, 113.6042, 22.7737, 17.0, 21.0, 28.0, 0.7, 140.0, 27.0, 56.0
黄阁子站, 113.4922, 22.8167, 41.0, 29.0, 52.0, 0.7, 103.0, 29.0, 51.0
十八涌, 113.6331, 22.6133, 13.0, 38.0, 29.0, 0.6, 119.0, 31.0, 48.0
番禺沙湾, 113.3367, 22.9090, 19.0, 46.0, 46.0, 0.8, 83.0, 30.0, 58.0
大石中学, 113.3028, 23.0269, 3.0, 37.0, 48.0, 1.0, 81.0, 27.0, 48.0
思源中学, 113.4161, 23.1439, 7.0, 25.0, 50.0, 1.1, 103.0, 32.0, 50.0
龙洞小学, 113.3608, 23.1986, 6.0, 34.0, 40.0, 0.7, 99.0, 32.0, 46.0
西区子站, 113.5256, 23.0632, 11.0, 31.0, 45.0, 1.9, 88.0, 32.0, 47.0
永和子站, 113.5472, 23.2033, 14.0, 13.0, 51.0, 1.2, 78.0, 36.0, 52.0
科学城, 113.4256, 23.1556, 24.0, 17.0, 46.0, 1.5, 85.0, 25.0, 46.0
增城环保局, 113.8214, 23.2872, 5.0, 20.0, 30.0, 1.3, 76.0, 21.0, 37.0
新塘镇政府, 113.6139, 23.1224, 11.0, 15.0, 35.0, 0.9, 90.0, 33.0, 48.0
从化环保局, 113.5894, 23.5538, 5.0, 13.0, 36.0, 0.8, 92.0, 26.0, 44.0
黄埔文冲, 113.4781, 23.0959, 5.0, 32.0, 54.0, 0.5, 64.0, 29.0, 52.0
白云嘉禾, 113.2885, 23.2391, 9.0, 51.0, 58.0, 1.4, 82.0, 37.0, 64.0
荔福路沙园, 113.2622, 23.0882, 3.0, 47.0, 40.0, 0.8, 91.0, 26.0, 59.0
帽峰山, 113.4433, 23.3033, 6.0, 4.0, 31.0, 0.6, 130.0, 23.0, 58.0
