Name, X, Y, SO2, NO2, PM10, CO, O3, PM2_5, AQI
广雅中学, 113.2347, 23.1422, 16.0, 59.0, 42.0, 1.1, 132.0, 37.0, 74.0
市五中, 113.2612, 23.1050, 25.0, 46.0, 31.0, 1.8, 128.0, 37.0, 58.0
市监测站, 113.2597, 23.1331, 15.0, 57.0, 41.0, 0.9, 118.0, 31.0, 72.0
天河职幼, 113.3220, 23.1317, 24.0, 65.0, 43.0, 1.2, 154.0, 32.0, 82.0
麓湖, 113.2765, 23.1542, 8.0, 38.0, 39.0, 1.4, 117.0, 38.0, 54.0
广东商学院, 113.3479, 23.0914, 15.0, 48.0, 50.0, 0.5, 160.0, 34.0, 60.0
市八十六中, 113.4332, 23.1047, 11.0, 15.0, 43.0, 0.7, 133.0, 27.0, 43.0
番禺中学, 113.3516, 22.9475, 28.0, 15.0, 34.0, 1.2, 170.0, 34.0, 63.0
花都师范, 113.2147, 23.3917, 19.0, 33.0, 56.0, 0.8, 171.0, 43.0, 65.0
九龙镇镇龙, 113.5619, 23.3108, 15.0, 28.0, 37.0, 0.9, 140.0, 34.0, 49.0
杨箕路边站, 113.3011, 23.1294, 14.0, 53.0, 73.0, 0.9, 117.0, 32.0, 67.0
黄沙路边站, 113.2314, 23.1161, 11.0, 60.0, 69.0, 1.3, 112.0, 32.0, 75.0
南沙科学馆, 113.6042, 22.7737, 8.0, 28.0, 41.0, 0.8, 74.0, 15.0, 41.0
黄阁子站, 113.4922, 22.8167, 22.0, 49.0, 30.0, 0.5, 83.0, 20.0, 62.0
十八涌, 113.6331, 22.6133, 10.0, 31.0, 16.0, 0.6, 71.0, 18.0, 39.0
番禺沙湾, 113.3367, 22.9090, 22.0, 22.0, 49.0, 0.6, 254.0, 20.0, 127.0
大石中学, 113.3028, 23.0269, 26.0, 42.0, 46.0, 1.1, 166.0, 29.0, 65.0
思源中学, 113.4161, 23.1439, 16.0, 31.0, 28.0, 1.1, 166.0, 22.0, 58.0
龙洞小学, 113.3608, 23.1986, 15.0, 49.0, 43.0, 0.9, 148.0, 30.0, 62.0
西区子站, 113.5256, 23.0632, 25.0, 49.0, 70.0, 1.1, 122.0, 58.0, 79.0
永和子站, 113.5472, 23.2033, 28.0, 34.0, 62.0, 1.1, 123.0, 42.0, 59.0
科学城, 113.4256, 23.1556, 30.0, 37.0, 58.0, 0.8, 151.0, 27.0, 54.0
增城环保局, 113.8214, 23.2872, 10.0, 27.0, 36.0, 1.0, 181.0, 25.0, 77.0
新塘镇政府, 113.6139, 23.1224, 36.0, 47.0, 48.0, 0.7, 38.0, 39.0, 59.0
从化环保局, 113.5894, 23.5538, 6.0, 22.0, 32.0, 1.1, 131.0, 19.0, 49.0
黄埔文冲, 113.4781, 23.0959, 24.0, 50.0, 68.0, 0.6, 73.0, 41.0, 63.0
白云嘉禾, 113.2885, 23.2391, 9.0, 74.0, 59.0, 1.2, 134.0, 61.0, 93.0
荔福路沙园, 113.2622, 23.0882, 16.0, 53.0, 41.0, 0.7, 142.0, 27.0, 67.0
帽峰山, 113.4433, 23.3033, 14.0, 7.0, 38.0, 0.7, 196.0, 25.0, 95.0
