Name, X, Y, SO2, NO2, PM10, CO, O3, PM2_5, AQI
广雅中学, 113.2347, 23.1422, 31.0, 100.0, 88.0, 1.9, 115.0, 76.0, 110.0
市五中, 113.2612, 23.1050, 60.0, 87.0, 78.0, 0.8, 67.0, 74.0, 104.0
市监测站, 113.2597, 23.1331, 31.0, 106.0, 86.0, 1.6, 50.0, 69.0, 113.0
天河职幼, 113.3220, 23.1317, 48.0, 107.0, 79.0, 2.2, 61.0, 64.0, 114.0
麓湖, 113.2765, 23.1542, 21.0, 82.0, 83.0, 1.1, 68.0, 82.0, 109.0
广东商学院, 113.3479, 23.0914, 41.0, 89.0, 76.0, 0.7, 107.0, 63.0, 105.0
市八十六中, 113.4332, 23.1047, 26.0, 88.0, 64.0, 0.8, 93.0, 54.0, 104.0
番禺中学, 113.3516, 22.9475, 39.0, 97.0, 69.0, 1.3, 94.0, 75.0, 109.0
花都师范, 113.2147, 23.3917, 36.0, 58.0, 77.0, 0.9, 122.0, 64.0, 87.0
九龙镇镇龙, 113.5619, 23.3108, 16.0, 39.0, 45.0, 1.1, 63.0, 43.0, 60.0
杨箕路边站, 113.3011, 23.1294, 25.0, 105.0, 120.0, 1.4, 61.0, 67.0, 113.0
黄沙路边站, 113.2314, 23.1161, 19.0, 86.0, 128.0, 1.8, 73.0, 70.0, 103.0
南沙科学馆, 113.6042, 22.7737, 19.0, 22.0, 29.0, 1.1, 45.0, 29.0, 42.0
黄阁子站, 113.4922, 22.8167, 25.0, 74.0, 50.0, 0.7, 74.0, 38.0, 93.0
十八涌, 113.6331, 22.6133, 16.0, 48.0, 30.0, 0.8, 65.0, 35.0, 60.0
番禺沙湾, 113.3367, 22.9090, 39.0, 43.0, 91.0, 1.1, 83.0, 55.0, 75.0
大石中学, 113.3028, 23.0269, 61.0, 90.0, 98.0, 1.9, 92.0, 67.0, 105.0
思源中学, 113.4161, 23.1439, 24.0, 50.0, 41.0, 1.2, 76.0, 56.0, 77.0
龙洞小学, 113.3608, 23.1986, 23.0, 90.0, 74.0, 1.3, 57.0, 56.0, 105.0
西区子站, 113.5256, 23.0632, 63.0, 82.0, 104.0, 1.5, 68.0, 96.0, 127.0
永和子站, 113.5472, 23.2033, 37.0, 55.0, 86.0, 2.1, 53.0, 72.0, 97.0
科学城, 113.4256, 23.1556, 48.0, 70.0, 84.0, 1.3, 45.0, 54.0, 88.0
增城环保局, 113.8214, 23.2872, 8.0, 44.0, 41.0, 1.2, 39.0, 32.0, 55.0
新塘镇政府, 113.6139, 23.1224, 47.0, 83.0, 68.0, 0.8, 46.0, 63.0, 102.0
从化环保局, 113.5894, 23.5538, 9.0, 29.0, 39.0, 1.5, 128.0, 31.0, 47.0
黄埔文冲, 113.4781, 23.0959, 37.0, 91.0, 110.0, 0.8, 23.0, 65.0, 106.0
白云嘉禾, 113.2885, 23.2391, 6.0, 83.0, 124.0, 0.8, 64.0, 115.0, 150.0
荔福路沙园, 113.2622, 23.0882, 37.0, 92.0, 104.0, 0.9, 85.0, 66.0, 106.0
帽峰山, 113.4433, 23.3033, 22.0, 63.0, 61.0, 0.6, 101.0, 50.0, 79.0
