Name, X, Y, SO2, NO2, PM10, CO, O3, PM2_5, AQI
广雅中学, 113.2347, 23.1422, 29.0, 25.0, 48.0, 1.0, 158.0, 31.0, 50.0
市五中, 113.2612, 23.1050, 22.0, 27.0, 48.0, 0.6, 120.0, 26.0, 48.0
市监测站, 113.2597, 23.1331, 16.0, 38.0, 50.0, 0.8, 101.0, 24.0, 50.0
天河职幼, 113.3220, 23.1317, 12.0, 38.0, 49.0, 1.1, 107.0, 22.0, 49.0
麓湖, 113.2765, 23.1542, 8.0, 18.0, 48.0, 0.9, 118.0, 32.0, 48.0
广东商学院, 113.3479, 23.0914, 11.0, 19.0, 42.0, 1.0, 125.0, 22.0, 50.0
市八十六中, 113.4332, 23.1047, 45.0, -1.0, 53.0, 0.5, 119.0, 17.0, 52.0
番禺中学, 113.3516, 22.9475, 12.0, 19.0, 42.0, 0.7, 125.0, 25.0, 52.0
花都师范, 113.2147, 23.3917, 16.0, 20.0, 51.0, 0.5, 170.0, 25.0, 72.0
九龙镇镇龙, 113.5619, 23.3108, 18.0, 34.0, 59.0, 0.7, 136.0, 29.0, 55.0
杨箕路边站, 113.3011, 23.1294, 14.0, 33.0, 72.0, 0.6, 102.0, 28.0, 61.0
黄沙路边站, 113.2314, 23.1161, 12.0, 45.0, 62.0, 1.1, 110.0, 23.0, 57.0
南沙科学馆, 113.6042, 22.7737, 7.0, 14.0, 25.0, 0.8, 97.0, -1.0, 43.0
黄阁子站, 113.4922, 22.8167, 20.0, 20.0, 47.0, 0.7, 120.0, 18.0, 50.0
十八涌, 113.6331, 22.6133, 5.0, 8.0, 22.0, 0.6, 87.0, -1.0, 39.0
番禺沙湾, 113.3367, 22.9090, 13.0, 18.0, 45.0, 0.8, 99.0, 21.0, 45.0
大石中学, 113.3028, 23.0269, 25.0, 19.0, 43.0, 0.8, 94.0, 22.0, 43.0
思源中学, 113.4161, 23.1439, 13.0, 24.0, 50.0, 1.5, 141.0, 23.0, 61.0
龙洞小学, 113.3608, 23.1986, 11.0, 43.0, 48.0, 0.9, 130.0, 28.0, 54.0
西区子站, 113.5256, 23.0632, 28.0, 34.0, 71.0, 2.1, 144.0, 43.0, 62.0
永和子站, 113.5472, 23.2033, 25.0, 30.0, 56.0, 1.5, 119.0, 40.0, 57.0
科学城, 113.4256, 23.1556, 17.0, 24.0, 61.0, 1.8, 108.0, 22.0, 56.0
增城环保局, 113.8214, 23.2872, 7.0, 35.0, 48.0, 1.4, 109.0, 24.0, 48.0
新塘镇政府, 113.6139, 23.1224, 27.0, 20.0, 43.0, 0.8, 145.0, 26.0, 65.0
从化环保局, 113.5894, 23.5538, 16.0, 27.0, 52.0, 1.5, 30.0, 33.0, 51.0
黄埔文冲, 113.4781, 23.0959, -1.0, -1.0, -1.0, -1.0, 67.0, -1.0, 30.0
白云嘉禾, 113.2885, 23.2391, 10.0, 42.0, 49.0, 0.9, 116.0, 26.0, 53.0
荔福路沙园, 113.2622, 23.0882, 16.0, 31.0, 42.0, 0.6, 129.0, 21.0, 46.0
帽峰山, 113.4433, 23.3033, 10.0, 21.0, 40.0, 0.6, 172.0, 22.0, 73.0
