Name, X, Y, SO2, NO2, PM10, CO, O3, PM2_5, AQI
广雅中学, 113.2347, 23.1422, 12.0, 22.0, 28.0, 0.6, 110.0, 24.0, 45.0
市五中, 113.2612, 23.1050, 21.0, 24.0, 28.0, 1.2, 85.0, 25.0, 36.0
市监测站, 113.2597, 23.1331, 20.0, 39.0, 27.0, 1.3, 85.0, 20.0, 49.0
天河职幼, 113.3220, 23.1317, 16.0, 37.0, 37.0, 0.6, 131.0, 22.0, 47.0
麓湖, 113.2765, 23.1542, 18.0, 20.0, 36.0, 0.5, 100.0, 26.0, 39.0
广东商学院, 113.3479, 23.0914, 19.0, 19.0, 38.0, 0.7, 119.0, 21.0, 57.0
市八十六中, 113.4332, 23.1047, 15.0, 18.0, 40.0, 0.6, 166.0, 18.0, 58.0
番禺中学, 113.3516, 22.9475, 24.0, 31.0, 31.0, 0.9, 124.0, 28.0, 40.0
花都师范, 113.2147, 23.3917, 21.0, 21.0, 46.0, 1.2, 215.0, 30.0, 108.0
九龙镇镇龙, 113.5619, 23.3108, 17.0, 8.0, 47.0, 0.6, 149.0, 35.0, 50.0
杨箕路边站, 113.3011, 23.1294, 17.0, 17.0, 59.0, 0.7, 90.0, 18.0, 55.0
黄沙路边站, 113.2314, 23.1161, 8.0, 35.0, 53.0, 0.8, 119.0, 21.0, 52.0
南沙科学馆, 113.6042, 22.7737, 10.0, 18.0, 12.0, 0.7, 71.0, 10.0, 29.0
黄阁子站, 113.4922, 22.8167, 31.0, 25.0, 31.0, 0.6, 86.0, 21.0, 32.0
十八涌, 113.6331, 22.6133, 6.0, 11.0, 13.0, 0.3, 74.0, 12.0, 31.0
番禺沙湾, 113.3367, 22.9090, 24.0, 30.0, 44.0, 0.7, 124.0, 19.0, 44.0
大石中学, 113.3028, 23.0269, 3.0, 28.0, 36.0, 0.5, 102.0, 19.0, 36.0
思源中学, 113.4161, 23.1439, 18.0, 26.0, 24.0, 1.3, 156.0, 19.0, 50.0
龙洞小学, 113.3608, 23.1986, 15.0, 43.0, 39.0, 1.1, 131.0, 25.0, 54.0
西区子站, 113.5256, 23.0632, 39.0, 35.0, 65.0, 1.4, 121.0, 31.0, 58.0
永和子站, 113.5472, 23.2033, 32.0, 34.0, 66.0, 1.2, 132.0, 61.0, 83.0
科学城, 113.4256, 23.1556, 38.0, 29.0, 57.0, 1.4, 127.0, 22.0, 54.0
增城环保局, 113.8214, 23.2872, 14.0, 39.0, 39.0, 1.1, 152.0, 23.0, 49.0
新塘镇政府, 113.6139, 23.1224, 37.0, 28.0, 41.0, 0.8, 141.0, 27.0, 45.0
从化环保局, 113.5894, 23.5538, 11.0, 24.0, 31.0, 1.9, 139.0, 20.0, 49.0
黄埔文冲, 113.4781, 23.0959, 11.0, 36.0, 51.0, 0.4, 94.0, 24.0, 51.0
白云嘉禾, 113.2885, 23.2391, 7.0, 50.0, 51.0, 1.4, 107.0, 24.0, 63.0
荔福路沙园, 113.2622, 23.0882, 14.0, 31.0, 37.0, 0.7, 104.0, 17.0, 43.0
帽峰山, 113.4433, 23.3033, 17.0, 23.0, 34.0, 0.3, 192.0, 19.0, 90.0
