Name, X, Y, SO2, NO2, PM10, CO, O3, PM2_5, AQI
广雅中学, 113.2347, 23.1422, 27.0, 66.0, 47.0, 0.9, 44.0, 35.0, 83.0
市五中, 113.2612, 23.1050, 57.0, 66.0, 42.0, 1.1, 52.0, 29.0, 83.0
市监测站, 113.2597, 23.1331, 28.0, 67.0, 42.0, 1.0, 102.0, 24.0, 84.0
天河职幼, 113.3220, 23.1317, 20.0, 73.0, 39.0, 1.9, 41.0, 23.0, 92.0
麓湖, 113.2765, 23.1542, 13.0, 44.0, 34.0, 0.7, 39.0, 30.0, 55.0
广东商学院, 113.3479, 23.0914, 15.0, 59.0, 39.0, 0.5, 104.0, 23.0, 74.0
市八十六中, 113.4332, 23.1047, 7.0, 66.0, 70.0, 0.9, 69.0, 21.0, 83.0
番禺中学, 113.3516, 22.9475, 31.0, 48.0, 36.0, 1.0, 82.0, 31.0, 60.0
花都师范, 113.2147, 23.3917, 24.0, 39.0, 45.0, 0.7, 67.0, 31.0, 49.0
九龙镇镇龙, 113.5619, 23.3108, 23.0, 41.0, 41.0, 0.9, 67.0, 30.0, 52.0
杨箕路边站, 113.3011, 23.1294, 11.0, 59.0, 67.0, 1.1, 38.0, 24.0, 74.0
黄沙路边站, 113.2314, 23.1161, 13.0, 62.0, 68.0, 1.1, 47.0, 30.0, 78.0
南沙科学馆, 113.6042, 22.7737, 13.0, 19.0, 17.0, 0.7, 65.0, 15.0, 24.0
黄阁子站, 113.4922, 22.8167, 22.0, 39.0, 41.0, 0.6, 61.0, 16.0, 49.0
十八涌, 113.6331, 22.6133, 10.0, 18.0, 15.0, 0.5, 84.0, 13.0, 31.0
番禺沙湾, 113.3367, 22.9090, 16.0, 23.0, 50.0, 0.8, 120.0, 22.0, 50.0
大石中学, 113.3028, 23.0269, 13.0, 39.0, 43.0, 0.7, 87.0, 23.0, 49.0
思源中学, 113.4161, 23.1439, 11.0, 37.0, 28.0, 1.2, 53.0, 23.0, 47.0
龙洞小学, 113.3608, 23.1986, 10.0, 64.0, 42.0, 1.1, 136.0, 28.0, 80.0
西区子站, 113.5256, 23.0632, 18.0, 60.0, 62.0, 1.3, 53.0, 46.0, 75.0
永和子站, 113.5472, 23.2033, 32.0, 48.0, 47.0, 1.5, 55.0, 46.0, 64.0
科学城, 113.4256, 23.1556, 7.0, 54.0, 58.0, 1.1, 41.0, 24.0, 68.0
增城环保局, 113.8214, 23.2872, 10.0, 48.0, 45.0, 1.2, 59.0, 26.0, 60.0
新塘镇政府, 113.6139, 23.1224, 41.0, 57.0, 49.0, 0.8, 43.0, 32.0, 72.0
从化环保局, 113.5894, 23.5538, 9.0, 25.0, 28.0, 1.2, 83.0, 18.0, 35.0
黄埔文冲, 113.4781, 23.0959, 16.0, 53.0, 63.0, 0.6, 28.0, 34.0, 67.0
白云嘉禾, 113.2885, 23.2391, 5.0, 54.0, 50.0, 0.5, 89.0, 47.0, 68.0
荔福路沙园, 113.2622, 23.0882, 24.0, 65.0, 45.0, 0.6, 59.0, 22.0, 82.0
帽峰山, 113.4433, 23.3033, 9.0, 36.0, 36.0, 0.3, 53.0, 22.0, 45.0
