Name, X, Y, SO2, NO2, PM10, CO, O3, PM2_5, AQI
广雅中学, 113.2347, 23.1422, 13.0, 39.0, 37.0, 0.9, 128.0, 28.0, 49.0
市五中, 113.2612, 23.1050, 32.0, 41.0, 33.0, 1.3, 85.0, 24.0, 52.0
市监测站, 113.2597, 23.1331, 10.0, 45.0, 35.0, 0.8, 79.0, 22.0, 57.0
天河职幼, 113.3220, 23.1317, 18.0, 57.0, 41.0, 1.6, 57.0, 21.0, 72.0
麓湖, 113.2765, 23.1542, 5.0, 26.0, 36.0, 1.2, 71.0, 27.0, 39.0
广东商学院, 113.3479, 23.0914, 11.0, 36.0, 36.0, 0.2, 98.0, 20.0, 45.0
市八十六中, 113.4332, 23.1047, 4.0, 39.0, 34.0, 0.7, 99.0, 14.0, 130.0
番禺中学, 113.3516, 22.9475, 31.0, 25.0, 34.0, 0.9, 80.0, 27.0, 39.0
花都师范, 113.2147, 23.3917, 15.0, 28.0, 43.0, 0.6, 117.0, 27.0, 44.0
九龙镇镇龙, 113.5619, 23.3108, 21.0, 38.0, 51.0, 0.9, 79.0, 35.0, 51.0
杨箕路边站, 113.3011, 23.1294, 10.0, 37.0, 64.0, 1.0, 74.0, 21.0, 57.0
黄沙路边站, 113.2314, 23.1161, 11.0, 56.0, 66.0, 1.1, 60.0, 24.0, 70.0
南沙科学馆, 113.6042, 22.7737, 6.0, 18.0, 17.0, 0.6, 101.0, 13.0, 39.0
黄阁子站, 113.4922, 22.8167, 12.0, 22.0, 29.0, 0.4, 67.0, 12.0, 29.0
十八涌, 113.6331, 22.6133, 10.0, 21.0, 15.0, 0.4, 150.0, 17.0, 47.0
番禺沙湾, 113.3367, 22.9090, 17.0, 14.0, 49.0, 0.5, 121.0, 18.0, 60.0
大石中学, 113.3028, 23.0269, 12.0, 25.0, 38.0, 0.6, 90.0, 18.0, 41.0
思源中学, 113.4161, 23.1439, 9.0, 23.0, 25.0, 0.9, 98.0, 10.0, 42.0
龙洞小学, 113.3608, 23.1986, 9.0, 43.0, 37.0, 0.8, 84.0, 20.0, 54.0
西区子站, 113.5256, 23.0632, 23.0, 39.0, 64.0, 1.2, 136.0, 38.0, 68.0
永和子站, 113.5472, 23.2033, 41.0, 33.0, 63.0, 1.4, 84.0, 48.0, 67.0
科学城, 113.4256, 23.1556, 9.0, 34.0, 55.0, 0.9, 80.0, 21.0, 53.0
增城环保局, 113.8214, 23.2872, 8.0, 30.0, 43.0, 1.0, 66.0, 20.0, 43.0
新塘镇政府, 113.6139, 23.1224, 29.0, 36.0, 40.0, 0.6, 88.0, 22.0, 45.0
从化环保局, 113.5894, 23.5538, 7.0, 20.0, 33.0, 1.1, 83.0, 17.0, 37.0
黄埔文冲, 113.4781, 23.0959, 17.0, 40.0, 51.0, 0.4, 36.0, 28.0, 51.0
白云嘉禾, 113.2885, 23.2391, 5.0, 36.0, 36.0, 0.3, 97.0, 33.0, 48.0
荔福路沙园, 113.2622, 23.0882, 8.0, 40.0, 36.0, 0.4, 86.0, 17.0, 50.0
帽峰山, 113.4433, 23.3033, 17.0, 42.0, 40.0, 0.4, 65.0, 106.0, 139.0
