Name, X, Y, SO2, NO2, PM10, CO, O3, PM2_5, AQI
广雅中学, 113.2347, 23.1422, 27.0, 43.0, 52.0, 1.9, 239.0, 43.0, 126.0
市五中, 113.2612, 23.1050, 37.0, 39.0, 44.0, 0.6, 173.0, 37.0, 88.0
市监测站, 113.2597, 23.1331, 24.0, 56.0, 48.0, 1.3, 174.0, 34.0, 75.0
天河职幼, 113.3220, 23.1317, 27.0, 56.0, 45.0, 1.0, 153.0, 29.0, 70.0
麓湖, 113.2765, 23.1542, 10.0, 38.0, 43.0, 0.5, 186.0, 43.0, 85.0
广东商学院, 113.3479, 23.0914, 23.0, 43.0, 45.0, 0.5, 173.0, 31.0, 84.0
市八十六中, 113.4332, 23.1047, 19.0, 44.0, 48.0, 0.6, 169.0, 27.0, 80.0
番禺中学, 113.3516, 22.9475, 32.0, 45.0, 37.0, 1.1, 155.0, 36.0, 57.0
花都师范, 113.2147, 23.3917, 21.0, 21.0, 60.0, 0.6, 261.0, 42.0, 145.0
九龙镇镇龙, 113.5619, 23.3108, 25.0, 39.0, 53.0, 1.0, 193.0, 43.0, 94.0
杨箕路边站, 113.3011, 23.1294, 18.0, 53.0, 75.0, 1.0, 160.0, 32.0, 67.0
黄沙路边站, 113.2314, 23.1161, 20.0, 59.0, 80.0, 1.4, 155.0, 40.0, 74.0
南沙科学馆, 113.6042, 22.7737, 12.0, 19.0, 17.0, 0.7, 86.0, 14.0, 38.0
黄阁子站, 113.4922, 22.8167, 22.0, 46.0, 33.0, 0.4, 111.0, 14.0, 58.0
十八涌, 113.6331, 22.6133, 7.0, 15.0, 10.0, 0.4, 93.0, 10.0, 43.0
番禺沙湾, 113.3367, 22.9090, 16.0, 18.0, 106.0, 0.8, 140.0, 23.0, 78.0
大石中学, 113.3028, 23.0269, 39.0, 39.0, 53.0, 0.7, 175.0, 32.0, 72.0
思源中学, 113.4161, 23.1439, 17.0, 28.0, 32.0, 1.4, 192.0, 24.0, 94.0
龙洞小学, 113.3608, 23.1986, 15.0, 50.0, 48.0, 1.2, 179.0, 32.0, 83.0
西区子站, 113.5256, 23.0632, 28.0, 47.0, 81.0, 1.1, 136.0, 53.0, 80.0
永和子站, 113.5472, 23.2033, 35.0, 38.0, 84.0, 1.8, 156.0, 54.0, 74.0
科学城, 113.4256, 23.1556, 37.0, 32.0, 64.0, 1.0, 171.0, 31.0, 75.0
增城环保局, 113.8214, 23.2872, 14.0, 48.0, 55.0, 0.9, 251.0, 34.0, 126.0
新塘镇政府, 113.6139, 23.1224, 59.0, 37.0, 51.0, 0.9, 174.0, 34.0, 68.0
从化环保局, 113.5894, 23.5538, 15.0, 33.0, 48.0, 1.5, 256.0, 33.0, 132.0
黄埔文冲, 113.4781, 23.0959, 44.0, 48.0, 72.0, 0.5, 88.0, 29.0, 61.0
白云嘉禾, 113.2885, 23.2391, 6.0, 38.0, 63.0, 0.6, 202.0, 56.0, 101.0
荔福路沙园, 113.2622, 23.0882, 23.0, 48.0, 47.0, 0.6, 190.0, 29.0, 92.0
帽峰山, 113.4433, 23.3033, 16.0, 10.0, 41.0, 0.9, 247.0, 30.0, 125.0
