Name, X, Y, SO2, NO2, PM10, CO, O3, PM2_5, AQI
广雅中学, 113.2347, 23.1422, 20.0, 42.0, 51.0, 0.6, 201.0, 31.0, 101.0
市五中, 113.2612, 23.1050, 14.0, 29.0, 37.0, 1.1, 156.0, 29.0, 49.0
市监测站, 113.2597, 23.1331, 13.0, 46.0, 47.0, 1.3, 134.0, 26.0, 60.0
天河职幼, 113.3220, 23.1317, 14.0, 49.0, 41.0, 1.6, 61.0, 22.0, 62.0
麓湖, 113.2765, 23.1542, 6.0, 25.0, 40.0, 0.6, 145.0, 34.0, 49.0
广东商学院, 113.3479, 23.0914, 13.0, 29.0, 37.0, 0.9, 153.0, 23.0, 49.0
市八十六中, 113.4332, 23.1047, 7.0, 29.0, 44.0, 0.7, 162.0, 19.0, 60.0
番禺中学, 113.3516, 22.9475, 13.0, 38.0, 36.0, 0.9, 116.0, 28.0, 48.0
花都师范, 113.2147, 23.3917, 11.0, 26.0, 39.0, 0.7, 171.0, 27.0, 64.0
九龙镇镇龙, 113.5619, 23.3108, 18.0, 23.0, 36.0, 0.8, 142.0, 27.0, 45.0
杨箕路边站, 113.3011, 23.1294, 16.0, 50.0, 65.0, 0.8, 127.0, 23.0, 63.0
黄沙路边站, 113.2314, 23.1161, 15.0, 62.0, 68.0, 1.2, 116.0, 31.0, 78.0
南沙科学馆, 113.6042, 22.7737, 8.0, 17.0, 15.0, 0.6, 65.0, 12.0, 25.0
黄阁子站, 113.4922, 22.8167, 12.0, 32.0, 27.0, 0.3, 89.0, 9.0, 40.0
十八涌, 113.6331, 22.6133, 5.0, 15.0, 11.0, 0.3, 60.0, 12.0, 25.0
番禺沙湾, 113.3367, 22.9090, 24.0, 18.0, 96.0, 0.9, 115.0, 22.0, 73.0
大石中学, 113.3028, 23.0269, 1.0, 42.0, 1.0, 0.8, 5.0, -1.0, 53.0
思源中学, 113.4161, 23.1439, 10.0, 32.0, 28.0, 1.5, 177.0, 20.0, 72.0
龙洞小学, 113.3608, 23.1986, 10.0, 43.0, 35.0, 1.1, 170.0, 25.0, 63.0
西区子站, 113.5256, 23.0632, 40.0, 38.0, 50.0, 1.0, 114.0, 34.0, 50.0
永和子站, 113.5472, 23.2033, 30.0, 34.0, 55.0, 1.8, 119.0, 38.0, 54.0
科学城, 113.4256, 23.1556, 23.0, 27.0, 48.0, 0.9, 141.0, 18.0, 48.0
增城环保局, 113.8214, 23.2872, 6.0, 34.0, 35.0, 0.8, 154.0, 20.0, 55.0
新塘镇政府, 113.6139, 23.1224, 32.0, 20.0, 38.0, 0.8, 155.0, 25.0, 49.0
从化环保局, 113.5894, 23.5538, 9.0, 23.0, 24.0, 1.4, 153.0, 16.0, 49.0
黄埔文冲, 113.4781, 23.0959, 30.0, 36.0, 62.0, 0.4, 50.0, 26.0, 56.0
白云嘉禾, 113.2885, 23.2391, 5.0, 24.0, 53.0, 0.9, 141.0, 48.0, 67.0
荔福路沙园, 113.2622, 23.0882, 13.0, 46.0, 39.0, 0.7, 170.0, 20.0, 63.0
帽峰山, 113.4433, 23.3033, 9.0, 19.0, 26.0, 0.8, 223.0, 18.0, 112.0
