Name, X, Y, SO2, NO2, PM10, CO, O3, PM2_5, AQI
广雅中学, 113.2347, 23.1422, 20.0, 42.0, 28.0, 2.0, 85.0, 24.0, 53.0
市五中, 113.2612, 23.1050, 20.0, 35.0, 21.0, 0.4, 48.0, 22.0, 44.0
市监测站, 113.2597, 23.1331, 14.0, 49.0, 24.0, 1.1, 37.0, 19.0, 62.0
天河职幼, 113.3220, 23.1317, 18.0, 48.0, 21.0, 1.0, 27.0, 14.0, 60.0
麓湖, 113.2765, 23.1542, 5.0, 37.0, 22.0, 0.4, 48.0, 26.0, 47.0
广东商学院, 113.3479, 23.0914, 15.0, 33.0, 25.0, 0.7, 52.0, 15.0, 42.0
市八十六中, 113.4332, 23.1047, 17.0, 33.0, 26.0, 0.7, 79.0, 16.0, 42.0
番禺中学, 113.3516, 22.9475, 33.0, 48.0, 22.0, 1.0, 37.0, 23.0, 60.0
花都师范, 113.2147, 23.3917, 12.0, 20.0, 33.0, 0.5, 62.0, 24.0, 35.0
九龙镇镇龙, 113.5619, 23.3108, 21.0, 39.0, 31.0, 1.0, 70.0, 26.0, 49.0
杨箕路边站, 113.3011, 23.1294, 14.0, 50.0, 49.0, 0.9, 38.0, 18.0, 63.0
黄沙路边站, 113.2314, 23.1161, 14.0, 51.0, 49.0, 1.3, 31.0, 21.0, 64.0
南沙科学馆, 113.6042, 22.7737, 10.0, 18.0, 12.0, 0.6, 55.0, 11.0, 23.0
黄阁子站, 113.4922, 22.8167, 17.0, 46.0, 24.0, 0.3, 64.0, 10.0, 58.0
十八涌, 113.6331, 22.6133, 13.0, 39.0, 11.0, 0.4, 61.0, 11.0, 49.0
番禺沙湾, 113.3367, 22.9090, 18.0, 21.0, 94.0, 0.7, 36.0, 16.0, 72.0
大石中学, 113.3028, 23.0269, 32.0, 43.0, 27.0, 0.7, 45.0, 19.0, 54.0
思源中学, 113.4161, 23.1439, 15.0, 34.0, 19.0, 1.4, 58.0, 12.0, 43.0
龙洞小学, 113.3608, 23.1986, 13.0, 50.0, 28.0, 1.1, 46.0, 20.0, 63.0
西区子站, 113.5256, 23.0632, -1.0, -1.0, -1.0, -1.0, -1.0, -1.0, -1.0
永和子站, 113.5472, 23.2033, 35.0, 42.0, 45.0, 1.8, 37.0, 41.0, 58.0
科学城, 113.4256, 23.1556, 34.0, 39.0, 36.0, 0.9, 45.0, 16.0, 49.0
增城环保局, 113.8214, 23.2872, 13.0, 36.0, 42.0, 0.8, 78.0, 21.0, 45.0
新塘镇政府, 113.6139, 23.1224, 43.0, 36.0, 33.0, 0.9, 46.0, 24.0, 45.0
从化环保局, 113.5894, 23.5538, 14.0, 34.0, 24.0, 1.4, 73.0, 15.0, 43.0
黄埔文冲, 113.4781, 23.0959, 39.0, 46.0, 58.0, 0.4, 28.0, 22.0, 58.0
白云嘉禾, 113.2885, 23.2391, 5.0, 28.0, 36.0, 0.8, 44.0, 27.0, 39.0
荔福路沙园, 113.2622, 23.0882, 14.0, 46.0, 25.0, 0.6, 54.0, 15.0, 58.0
帽峰山, 113.4433, 23.3033, 17.0, 20.0, 26.0, 0.9, 66.0, 18.0, 27.0
