Name, X, Y, SO2, NO2, PM10, CO, O3, PM2_5, AQI
广雅中学, 113.2347, 23.1422, 15.0, 60.0, 50.0, 1.2, 179.0, 51.0, 75.0
市五中, 113.2612, 23.1050, 7.0, 60.0, 50.0, 1.0, 103.0, 47.0, 75.0
市监测站, 113.2597, 23.1331, 14.0, 72.0, 52.0, 1.0, 143.0, 41.0, 90.0
天河职幼, 113.3220, 23.1317, 28.0, 77.0, 58.0, 1.6, 183.0, 43.0, 97.0
麓湖, 113.2765, 23.1542, 10.0, 43.0, 49.0, 1.5, 136.0, 53.0, 73.0
广东商学院, 113.3479, 23.0914, 20.0, 58.0, 54.0, 0.5, 187.0, 44.0, 84.0
市八十六中, 113.4332, 23.1047, 12.0, 38.0, 64.0, 0.9, 148.0, 40.0, 148.0
番禺中学, 113.3516, 22.9475, 40.0, 56.0, 48.0, 1.0, 162.0, 48.0, 70.0
花都师范, 113.2147, 23.3917, 22.0, 42.0, 89.0, 0.9, 202.0, 66.0, 101.0
九龙镇镇龙, 113.5619, 23.3108, 25.0, 42.0, 85.0, 1.1, 269.0, 70.0, 136.0
杨箕路边站, 113.3011, 23.1294, 16.0, 66.0, 96.0, 1.1, 148.0, 47.0, 83.0
黄沙路边站, 113.2314, 23.1161, 14.0, 78.0, 95.0, 1.3, 104.0, 45.0, 98.0
南沙科学馆, 113.6042, 22.7737, 29.0, 43.0, 50.0, 0.8, 147.0, 27.0, 54.0
黄阁子站, 113.4922, 22.8167, 19.0, 50.0, 37.0, 0.6, 122.0, 33.0, 63.0
十八涌, 113.6331, 22.6133, 13.0, 40.0, 25.0, 0.7, 95.0, 34.0, 50.0
番禺沙湾, 113.3367, 22.9090, 30.0, 29.0, 64.0, 0.7, 206.0, 32.0, 103.0
大石中学, 113.3028, 23.0269, 31.0, 50.0, 64.0, 0.5, 203.0, 42.0, 102.0
思源中学, 113.4161, 23.1439, 18.0, 32.0, 40.0, 1.1, 223.0, 34.0, 112.0
龙洞小学, 113.3608, 23.1986, 17.0, 60.0, 66.0, 1.1, 176.0, 46.0, 75.0
西区子站, 113.5256, 23.0632, 18.0, 52.0, 91.0, 1.3, 147.0, 70.0, 94.0
永和子站, 113.5472, 23.2033, 49.0, 44.0, 113.0, 1.5, 206.0, 76.0, 103.0
科学城, 113.4256, 23.1556, 34.0, 40.0, 86.0, 1.1, 196.0, 49.0, 95.0
增城环保局, 113.8214, 23.2872, 12.0, 41.0, 80.0, 1.3, 234.0, 49.0, 117.0
新塘镇政府, 113.6139, 23.1224, 41.0, 55.0, 65.0, 0.7, 75.0, 57.0, 78.0
从化环保局, 113.5894, 23.5538, 12.0, 27.0, 70.0, 1.4, 171.0, 51.0, 93.0
黄埔文冲, 113.4781, 23.0959, 26.0, 54.0, 89.0, 0.7, 120.0, 50.0, 70.0
白云嘉禾, 113.2885, 23.2391, 8.0, 78.0, 84.0, 0.5, 185.0, 86.0, 114.0
荔福路沙园, 113.2622, 23.0882, 14.0, 57.0, 53.0, 0.6, 199.0, 38.0, 99.0
帽峰山, 113.4433, 23.3033, 29.0, 39.0, 63.0, 0.4, 272.0, 46.0, 136.0
