Name, X, Y, SO2, NO2, PM10, CO, O3, PM2_5, AQI
广雅中学, 113.2347, 23.1422, 16.0, 34.0, 38.0, 0.6, 130.0, 30.0, 64.0
市五中, 113.2612, 23.1050, 33.0, 27.0, 45.0, 1.0, 123.0, 28.0, 58.0
市监测站, 113.2597, 23.1331, 17.0, 48.0, 18.0, 1.1, 130.0, 24.0, 60.0
天河职幼, 113.3220, 23.1317, 19.0, 30.0, 43.0, 0.9, 154.0, 23.0, 78.0
麓湖, 113.2765, 23.1542, 11.0, 23.0, 41.0, 0.4, 128.0, 31.0, 57.0
广东商学院, 113.3479, 23.0914, 16.0, 29.0, 45.0, 0.8, 146.0, 26.0, 80.0
市八十六中, 113.4332, 23.1047, 9.0, 24.0, 51.0, 0.5, 193.0, 21.0, 120.0
番禺中学, 113.3516, 22.9475, 20.0, 26.0, 32.0, 0.9, 159.0, 30.0, 75.0
花都师范, 113.2147, 23.3917, 27.0, 15.0, 45.0, 0.7, 169.0, 30.0, 78.0
九龙镇镇龙, 113.5619, 23.3108, 17.0, 28.0, 62.0, 0.9, 151.0, 40.0, 80.0
杨箕路边站, 113.3011, 23.1294, 18.0, 63.0, 66.0, 0.7, 90.0, 22.0, 79.0
黄沙路边站, 113.2314, 23.1161, 10.0, 33.0, 62.0, 0.7, 163.0, 23.0, 79.0
南沙科学馆, 113.6042, 22.7737, 16.0, 20.0, 21.0, 0.7, 142.0, 14.0, 58.0
黄阁子站, 113.4922, 22.8167, 22.0, 33.0, 35.0, 0.3, 166.0, 17.0, 84.0
十八涌, 113.6331, 22.6133, 9.0, 16.0, 17.0, 0.5, 92.0, 14.0, 39.0
番禺沙湾, 113.3367, 22.9090, 23.0, 11.0, 54.0, 0.5, 139.0, 20.0, 71.0
大石中学, 113.3028, 23.0269, 48.0, 23.0, 54.0, 0.7, 181.0, 27.0, 104.0
思源中学, 113.4161, 23.1439, 12.0, 29.0, 37.0, 1.2, 164.0, 28.0, 90.0
龙洞小学, 113.3608, 23.1986, 13.0, 43.0, 51.0, 1.1, 153.0, 32.0, 75.0
西区子站, 113.5256, 23.0632, 24.0, 41.0, 58.0, 1.3, 177.0, 41.0, 90.0
永和子站, 113.5472, 23.2033, 22.0, 30.0, 61.0, 2.0, 158.0, 43.0, 79.0
科学城, 113.4256, 23.1556, 27.0, 28.0, 65.0, 1.3, 151.0, 27.0, 75.0
增城环保局, 113.8214, 23.2872, 23.0, 45.0, 63.0, 0.9, 162.0, 38.0, 89.0
新塘镇政府, 113.6139, 23.1224, 32.0, 26.0, 45.0, 0.7, 240.0, 32.0, 131.0
从化环保局, 113.5894, 23.5538, 18.0, 35.0, 42.0, 1.6, 159.0, 29.0, 75.0
黄埔文冲, 113.4781, 23.0959, 9.0, 40.0, 66.0, 0.4, 111.0, 30.0, 58.0
白云嘉禾, 113.2885, 23.2391, 8.0, 18.0, 53.0, 1.0, 136.0, 41.0, 64.0
荔福路沙园, 113.2622, 23.0882, 15.0, 37.0, 57.0, 0.5, 147.0, 25.0, 77.0
帽峰山, 113.4433, 23.3033, 13.0, 12.0, 37.0, 0.4, 186.0, 25.0, 113.0
