Name, X, Y, SO2, NO2, PM10, CO, O3, PM2_5, AQI
广雅中学, 113.2347, 23.1422, 26.0, 33.0, 43.0, 0.5, 167.0, 32.0, 69.0
市五中, 113.2612, 23.1050, 25.0, 30.0, 37.0, 0.6, 134.0, 34.0, 49.0
市监测站, 113.2597, 23.1331, 18.0, 40.0, 34.0, 1.1, 117.0, 26.0, 50.0
天河职幼, 113.3220, 23.1317, 19.0, 48.0, 47.0, 1.4, 151.0, 22.0, 60.0
麓湖, 113.2765, 23.1542, 10.0, 27.0, 42.0, 0.4, 146.0, 31.0, 48.0
广东商学院, 113.3479, 23.0914, 18.0, 26.0, 42.0, 0.9, 155.0, 22.0, 54.0
市八十六中, 113.4332, 23.1047, 10.0, 24.0, 47.0, 0.6, 128.0, 19.0, 53.0
番禺中学, 113.3516, 22.9475, 8.0, 30.0, 36.0, 0.9, 112.0, 27.0, 42.0
花都师范, 113.2147, 23.3917, 14.0, 14.0, 48.0, 0.6, 172.0, 30.0, 65.0
九龙镇镇龙, 113.5619, 23.3108, 24.0, 34.0, 47.0, 1.0, 136.0, 33.0, 48.0
杨箕路边站, 113.3011, 23.1294, 13.0, 45.0, 68.0, 0.7, 90.0, 23.0, 59.0
黄沙路边站, 113.2314, 23.1161, 14.0, 60.0, 72.0, 1.1, 94.0, 27.0, 75.0
南沙科学馆, 113.6042, 22.7737, 7.0, 17.0, 19.0, 0.6, 83.0, 15.0, 35.0
黄阁子站, 113.4922, 22.8167, 18.0, 33.0, 37.0, 0.4, 95.0, 13.0, 44.0
十八涌, 113.6331, 22.6133, 5.0, 11.0, 13.0, 0.4, 76.0, 15.0, 32.0
番禺沙湾, 113.3367, 22.9090, 11.0, 14.0, 85.0, 0.7, 118.0, 21.0, 68.0
大石中学, 113.3028, 23.0269, 21.0, 29.0, 47.0, 0.7, 76.0, 25.0, 47.0
思源中学, 113.4161, 23.1439, 14.0, 27.0, 31.0, 1.4, 157.0, 20.0, 57.0
龙洞小学, 113.3608, 23.1986, 11.0, 51.0, 51.0, 2.6, 175.0, 27.0, 112.0
西区子站, 113.5256, 23.0632, 33.0, 37.0, 62.0, 1.1, 111.0, 39.0, 56.0
永和子站, 113.5472, 23.2033, 42.0, 35.0, 70.0, 1.8, 97.0, 42.0, 60.0
科学城, 113.4256, 23.1556, 30.0, 31.0, 61.0, 1.0, 106.0, 23.0, 56.0
增城环保局, 113.8214, 23.2872, 11.0, 40.0, 51.0, 0.9, 136.0, 25.0, 51.0
新塘镇政府, 113.6139, 23.1224, 43.0, 21.0, 43.0, 0.9, 131.0, 28.0, 50.0
从化环保局, 113.5894, 23.5538, 13.0, 26.0, 36.0, 1.5, 170.0, 23.0, 75.0
黄埔文冲, 113.4781, 23.0959, 41.0, 35.0, 93.0, 0.4, 57.0, 29.0, 72.0
白云嘉禾, 113.2885, 23.2391, 5.0, 24.0, 49.0, 0.8, 138.0, 43.0, 60.0
荔福路沙园, 113.2622, 23.0882, 19.0, 36.0, 40.0, 0.5, 148.0, 19.0, 52.0
帽峰山, 113.4433, 23.3033, 21.0, 29.0, 39.0, 0.8, 190.0, 22.0, 88.0
