Name, X, Y, SO2, NO2, PM10, CO, O3, PM2_5, AQI
广雅中学, 113.2347, 23.1422, 18.0, 32.0, 42.0, -1.0, 171.0, 30.0, 75.0
市五中, 113.2612, 23.1050, 29.0, 27.0, 40.0, 0.4, 114.0, 29.0, 42.0
市监测站, 113.2597, 23.1331, 17.0, 45.0, 43.0, 1.2, 115.0, 26.0, 57.0
天河职幼, 113.3220, 23.1317, 14.0, 45.0, 41.0, 1.2, 179.0, 21.0, 74.0
麓湖, 113.2765, 23.1542, 12.0, 34.0, 43.0, 0.3, 132.0, 32.0, 46.0
广东商学院, 113.3479, 23.0914, 13.0, 24.0, 36.0, 0.9, 122.0, 19.0, 49.0
市八十六中, 113.4332, 23.1047, 10.0, 23.0, 45.0, 0.7, 147.0, 19.0, 68.0
番禺中学, 113.3516, 22.9475, 22.0, 31.0, 41.0, 0.9, 80.0, 30.0, 43.0
花都师范, 113.2147, 23.3917, 14.0, 15.0, 48.0, 0.6, 113.0, 31.0, 48.0
九龙镇镇龙, 113.5619, 23.3108, 19.0, 30.0, 42.0, 1.0, 143.0, 33.0, 53.0
杨箕路边站, 113.3011, 23.1294, 9.0, 32.0, 65.0, 0.9, 109.0, 23.0, 58.0
黄沙路边站, 113.2314, 23.1161, 11.0, 44.0, 66.0, 0.9, 143.0, 26.0, 58.0
南沙科学馆, 113.6042, 22.7737, 4.0, 15.0, 18.0, 0.6, 99.0, 15.0, 41.0
黄阁子站, 113.4922, 22.8167, 17.0, 35.0, 33.0, 0.4, 104.0, 13.0, 44.0
十八涌, 113.6331, 22.6133, 6.0, 11.0, 15.0, 0.4, 85.0, 14.0, 37.0
番禺沙湾, 113.3367, 22.9090, 9.0, 13.0, 97.0, 0.6, 103.0, 19.0, 74.0
大石中学, 113.3028, 23.0269, 21.0, 22.0, 42.0, 0.7, 92.0, 21.0, 42.0
思源中学, 113.4161, 23.1439, 12.0, 27.0, 29.0, 1.4, 144.0, 17.0, 59.0
龙洞小学, 113.3608, 23.1986, 11.0, 40.0, 36.0, 1.2, 112.0, 20.0, 60.0
西区子站, 113.5256, 23.0632, 9.0, 43.0, 65.0, 1.2, 146.0, 44.0, 62.0
永和子站, 113.5472, 23.2033, 32.0, 33.0, 64.0, 1.9, 125.0, 38.0, 57.0
科学城, 113.4256, 23.1556, 25.0, 29.0, 57.0, 1.1, 123.0, 22.0, 54.0
增城环保局, 113.8214, 23.2872, 16.0, 40.0, 44.0, 0.8, 157.0, 27.0, 50.0
新塘镇政府, 113.6139, 23.1224, 44.0, 17.0, 44.0, 0.9, 169.0, 26.0, 62.0
从化环保局, 113.5894, 23.5538, 10.0, 23.0, 34.0, 1.4, 167.0, 22.0, 66.0
黄埔文冲, 113.4781, 23.0959, 41.0, 36.0, 77.0, 0.5, 139.0, 27.0, 64.0
白云嘉禾, 113.2885, 23.2391, 5.0, 26.0, 48.0, 0.8, 134.0, 40.0, 57.0
荔福路沙园, 113.2622, 23.0882, 17.0, 36.0, 41.0, 0.6, 136.0, 20.0, 50.0
帽峰山, 113.4433, 23.3033, 12.0, 23.0, 36.0, 0.8, 219.0, 19.0, 110.0
