Name, X, Y, SO2, NO2, PM10, CO, O3, PM2_5, AQI
广雅中学, 113.2347, 23.1422, 13.0, 47.0, 26.0, 1.1, 49.0, 20.0, 59.0
市五中, 113.2612, 23.1050, 17.0, 54.0, 22.0, 0.9, 23.0, 17.0, 68.0
市监测站, 113.2597, 23.1331, 13.0, 56.0, 25.0, 0.6, 63.0, 12.0, 70.0
天河职幼, 113.3220, 23.1317, 18.0, 37.0, 25.0, 0.9, 42.0, 17.0, 47.0
麓湖, 113.2765, 23.1542, 12.0, 38.0, 14.0, 0.5, 23.0, 21.0, 48.0
广东商学院, 113.3479, 23.0914, 11.0, 26.0, 31.0, 0.7, -1.0, 20.0, 33.0
市八十六中, 113.4332, 23.1047, 24.0, 37.0, 28.0, 0.6, 49.0, 11.0, 47.0
番禺中学, 113.3516, 22.9475, 25.0, 38.0, 32.0, 0.7, 44.0, 37.0, 53.0
花都师范, 113.2147, 23.3917, 15.0, 14.0, 26.0, 1.2, 60.0, 19.0, 30.0
九龙镇镇龙, 113.5619, 23.3108, 5.0, 17.0, 12.0, 0.4, 54.0, 17.0, 25.0
杨箕路边站, 113.3011, 23.1294, 17.0, 28.0, 57.0, 0.9, 16.0, 17.0, 54.0
黄沙路边站, 113.2314, 23.1161, 11.0, 54.0, 42.0, 1.1, 42.0, 17.0, 68.0
南沙科学馆, 113.6042, 22.7737, 14.0, 20.0, 18.0, 0.6, 95.0, 19.0, 30.0
黄阁子站, 113.4922, 22.8167, 12.0, 38.0, 29.0, 0.6, 84.0, 16.0, 48.0
十八涌, 113.6331, 22.6133, 8.0, 44.0, 11.0, 0.4, 54.0, 14.0, 55.0
番禺沙湾, 113.3367, 22.9090, 25.0, 44.0, 42.0, 0.7, 65.0, 18.0, 55.0
大石中学, 113.3028, 23.0269, 3.0, 54.0, 33.0, 1.0, 32.0, 20.0, 68.0
思源中学, 113.4161, 23.1439, 9.0, 23.0, 25.0, 0.9, 55.0, 14.0, 29.0
龙洞小学, 113.3608, 23.1986, 7.0, 34.0, 20.0, 0.6, 44.0, 13.0, 43.0
西区子站, 113.5256, 23.0632, 52.0, 43.0, 48.0, 1.8, 66.0, 35.0, 54.0
永和子站, 113.5472, 23.2033, 19.0, 14.0, 33.0, 1.2, 61.0, 28.0, 40.0
科学城, 113.4256, 23.1556, 22.0, 17.0, 24.0, 1.4, 59.0, 9.0, 35.0
增城环保局, 113.8214, 23.2872, 5.0, 20.0, 15.0, 1.3, 47.0, 9.0, 32.0
新塘镇政府, 113.6139, 23.1224, 21.0, 30.0, 27.0, 1.0, 46.0, 22.0, 38.0
从化环保局, 113.5894, 23.5538, 5.0, 16.0, 17.0, 0.8, 56.0, 9.0, 24.0
黄埔文冲, 113.4781, 23.0959, 3.0, 38.0, 33.0, 0.4, 34.0, 17.0, 48.0
白云嘉禾, 113.2885, 23.2391, 5.0, 31.0, 35.0, 0.9, 48.0, 18.0, 39.0
荔福路沙园, 113.2622, 23.0882, 14.0, 49.0, 28.0, 0.8, 27.0, 13.0, 62.0
帽峰山, 113.4433, 23.3033, 5.0, 7.0, 11.0, 0.4, 91.0, 12.0, 39.0
