Name, X, Y, SO2, NO2, PM10, CO, O3, PM2_5, AQI
广雅中学, 113.2347, 23.1422, 12.0, 98.0, 88.0, 1.3, 162.0, 72.0, 109.0
市五中, 113.2612, 23.1050, 37.0, 88.0, 60.0, 0.9, 183.0, 69.0, 104.0
市监测站, 113.2597, 23.1331, 12.0, 99.0, 75.0, 1.3, 124.0, 57.0, 110.0
天河职幼, 113.3220, 23.1317, 23.0, 103.0, 77.0, 2.3, 175.0, 62.0, 112.0
麓湖, 113.2765, 23.1542, 8.0, 59.0, 68.0, 0.9, 112.0, 65.0, 88.0
广东商学院, 113.3479, 23.0914, 17.0, 78.0, 76.0, 0.8, 231.0, 63.0, 116.0
市八十六中, 113.4332, 23.1047, 14.0, 93.0, 60.0, 1.0, 259.0, 55.0, 139.0
番禺中学, 113.3516, 22.9475, 50.0, 77.0, 70.0, 1.2, 254.0, 78.0, 130.0
花都师范, 113.2147, 23.3917, 22.0, 31.0, 56.0, 0.9, 135.0, 41.0, 58.0
九龙镇镇龙, 113.5619, 23.3108, 13.0, 33.0, 52.0, 1.1, 141.0, 48.0, 67.0
杨箕路边站, 113.3011, 23.1294, 13.0, 101.0, 114.0, 1.7, 151.0, 66.0, 111.0
黄沙路边站, 113.2314, 23.1161, 9.0, 99.0, 119.0, 1.6, 159.0, 69.0, 110.0
南沙科学馆, 113.6042, 22.7737, 18.0, 21.0, 35.0, 0.9, 287.0, 40.0, 144.0
黄阁子站, 113.4922, 22.8167, 19.0, 55.0, 54.0, 0.9, 227.0, 50.0, 121.0
十八涌, 113.6331, 22.6133, 12.0, 43.0, 22.0, 0.8, 175.0, 35.0, 80.0
番禺沙湾, 113.3367, 22.9090, 38.0, 40.0, 84.0, 1.2, 320.0, 64.0, 175.0
大石中学, 113.3028, 23.0269, 20.0, 76.0, 91.0, 1.2, 211.0, 74.0, 106.0
思源中学, 113.4161, 23.1439, 11.0, 43.0, 46.0, 1.4, 256.0, 69.0, 128.0
龙洞小学, 113.3608, 23.1986, 8.0, 63.0, 63.0, 1.2, 121.0, 55.0, 79.0
西区子站, 113.5256, 23.0632, 36.0, 90.0, 105.0, 1.7, 236.0, 100.0, 132.0
永和子站, 113.5472, 23.2033, 21.0, 43.0, 89.0, 1.8, 139.0, 76.0, 102.0
科学城, 113.4256, 23.1556, 20.0, 45.0, 77.0, 1.2, 167.0, 54.0, 74.0
增城环保局, 113.8214, 23.2872, 8.0, 39.0, 46.0, 1.4, 118.0, 38.0, 54.0
新塘镇政府, 113.6139, 23.1224, 25.0, 50.0, 60.0, 1.0, 200.0, 57.0, 127.0
从化环保局, 113.5894, 23.5538, 7.0, 26.0, 37.0, 1.6, 91.0, 29.0, 42.0
黄埔文冲, 113.4781, 23.0959, 17.0, 77.0, 114.0, 0.8, 162.0, 55.0, 97.0
白云嘉禾, 113.2885, 23.2391, 5.0, 63.0, 105.0, 0.8, 120.0, 107.0, 140.0
荔福路沙园, 113.2622, 23.0882, 12.0, 100.0, 103.0, 1.0, 191.0, 68.0, 110.0
帽峰山, 113.4433, 23.3033, 7.0, 23.0, 46.0, 0.4, 135.0, 37.0, 53.0
