Name, X, Y, SO2, NO2, PM10, CO, O3, PM2_5, AQI
广雅中学, 113.2347, 23.1422, 8.0, 40.0, 25.0, 1.1, 79.0, 21.0, 50.0
市五中, 113.2612, 23.1050, 8.0, 44.0, 27.0, 1.4, 64.0, 23.0, 55.0
市监测站, 113.2597, 23.1331, 6.0, 37.0, 25.0, 1.1, 55.0, 14.0, 47.0
天河职幼, 113.3220, 23.1317, 7.0, 37.0, 20.0, 0.9, 77.0, 17.0, 47.0
麓湖, 113.2765, 23.1542, 8.0, 31.0, 16.0, 0.5, 64.0, 23.0, 39.0
广东商学院, 113.3479, 23.0914, 3.0, 14.0, 18.0, 0.5, 87.0, 11.0, 35.0
市八十六中, 113.4332, 23.1047, 3.0, 16.0, 11.0, 0.6, 89.0, 6.0, 40.0
番禺中学, 113.3516, 22.9475, 10.0, 32.0, 18.0, 0.9, 82.0, 19.0, 40.0
花都师范, 113.2147, 23.3917, 16.0, 11.0, 28.0, 1.3, 90.0, 21.0, 42.0
九龙镇镇龙, 113.5619, 23.3108, -1.0, -1.0, -1.0, -1.0, -1.0, -1.0, -1.0
杨箕路边站, 113.3011, 23.1294, 12.0, 32.0, 48.0, 0.8, 41.0, 15.0, 48.0
黄沙路边站, 113.2314, 23.1161, 11.0, 53.0, 37.0, 1.2, 63.0, 17.0, 67.0
南沙科学馆, 113.6042, 22.7737, 41.0, 31.0, 18.0, 0.8, 70.0, 18.0, 41.0
黄阁子站, 113.4922, 22.8167, 18.0, 30.0, 21.0, 0.6, 73.0, 10.0, 38.0
十八涌, 113.6331, 22.6133, 18.0, 44.0, 16.0, 0.5, 73.0, 18.0, 55.0
番禺沙湾, 113.3367, 22.9090, 11.0, 31.0, 33.0, 0.8, 80.0, 17.0, 39.0
大石中学, 113.3028, 23.0269, 10.0, 32.0, 19.0, 0.8, 55.0, 13.0, 40.0
思源中学, 113.4161, 23.1439, 5.0, 27.0, 37.0, 0.3, 78.0, 19.0, 37.0
龙洞小学, 113.3608, 23.1986, 6.0, 31.0, 20.0, 1.2, 90.0, 18.0, 41.0
西区子站, 113.5256, 23.0632, 2.0, 38.0, 25.0, 1.7, 72.0, 18.0, 48.0
永和子站, 113.5472, 23.2033, 8.0, 4.0, 10.0, 1.1, 72.0, 21.0, 34.0
科学城, 113.4256, 23.1556, 16.0, 8.0, 21.0, 1.4, 68.0, 8.0, 35.0
增城环保局, 113.8214, 23.2872, 1.0, 16.0, 13.0, 1.1, 63.0, 11.0, 30.0
新塘镇政府, 113.6139, 23.1224, 9.0, 18.0, 22.0, 0.9, 73.0, 20.0, 33.0
从化环保局, 113.5894, 23.5538, 3.0, 11.0, 13.0, 0.7, 79.0, 11.0, 37.0
黄埔文冲, 113.4781, 23.0959, 3.0, 35.0, 28.0, 0.5, 49.0, 14.0, 44.0
白云嘉禾, 113.2885, 23.2391, 6.0, 34.0, 35.0, 1.4, 68.0, 24.0, 43.0
荔福路沙园, 113.2622, 23.0882, 5.0, 42.0, 24.0, 0.8, 68.0, 14.0, 53.0
帽峰山, 113.4433, 23.3033, 6.0, 9.0, 16.0, 0.5, 106.0, 58.0, 79.0
