Name, X, Y, SO2, NO2, PM10, CO, O3, PM2_5, AQI
广雅中学, 113.2347, 23.1422, 23.0, 79.0, 99.0, 1.5, 134.0, 77.0, 103.0
市五中, 113.2612, 23.1050, 21.0, 71.0, 82.0, 1.3, 62.0, 69.0, 93.0
市监测站, 113.2597, 23.1331, 22.0, 83.0, 82.0, 1.2, 105.0, 58.0, 102.0
天河职幼, 113.3220, 23.1317, 39.0, 82.0, 84.0, 1.7, 172.0, 60.0, 101.0
麓湖, 113.2765, 23.1542, 14.0, 49.0, 73.0, 1.7, 104.0, 65.0, 88.0
广东商学院, 113.3479, 23.0914, 28.0, 67.0, 85.0, 0.7, 220.0, 62.0, 110.0
市八十六中, 113.4332, 23.1047, 17.0, 42.0, 88.0, 1.1, 297.0, 49.0, 175.0
番禺中学, 113.3516, 22.9475, 59.0, 94.0, 92.0, 1.2, 195.0, 91.0, 120.0
花都师范, 113.2147, 23.3917, 27.0, 28.0, 93.0, 1.0, 203.0, 67.0, 103.0
九龙镇镇龙, 113.5619, 23.3108, 28.0, 29.0, 83.0, 1.3, 162.0, 65.0, 88.0
杨箕路边站, 113.3011, 23.1294, 25.0, 114.0, 132.0, 1.4, 96.0, 66.0, 117.0
黄沙路边站, 113.2314, 23.1161, 16.0, 92.0, 135.0, 1.7, 109.0, 72.0, 106.0
南沙科学馆, 113.6042, 22.7737, 29.0, 43.0, 47.0, 0.8, 320.0, 47.0, 160.0
黄阁子站, 113.4922, 22.8167, 42.0, 70.0, 75.0, 1.0, 129.0, 116.0, 152.0
十八涌, 113.6331, 22.6133, 20.0, 61.0, 30.0, 0.7, 109.0, 47.0, 77.0
番禺沙湾, 113.3367, 22.9090, 52.0, 42.0, 111.0, 1.1, 320.0, 78.0, 160.0
大石中学, 113.3028, 23.0269, 49.0, 79.0, 119.0, 1.0, 247.0, 74.0, 124.0
思源中学, 113.4161, 23.1439, 19.0, 33.0, 54.0, 1.4, 227.0, 54.0, 114.0
龙洞小学, 113.3608, 23.1986, 18.0, 52.0, 74.0, 1.2, 176.0, 57.0, 78.0
西区子站, 113.5256, 23.0632, 63.0, 68.0, 129.0, 1.6, 208.0, 105.0, 138.0
永和子站, 113.5472, 23.2033, 27.0, 29.0, 92.0, 1.6, 176.0, 62.0, 84.0
科学城, 113.4256, 23.1556, 26.0, 49.0, 103.0, 1.2, 212.0, 63.0, 106.0
增城环保局, 113.8214, 23.2872, 18.0, 30.0, 62.0, 1.4, 160.0, 51.0, 70.0
新塘镇政府, 113.6139, 23.1224, 46.0, 57.0, 84.0, 1.1, 50.0, 80.0, 107.0
从化环保局, 113.5894, 23.5538, 14.0, 34.0, 67.0, 1.5, 131.0, 52.0, 72.0
黄埔文冲, 113.4781, 23.0959, 30.0, 72.0, 115.0, 0.9, 122.0, 65.0, 90.0
白云嘉禾, 113.2885, 23.2391, 9.0, 75.0, 112.0, 0.8, 176.0, 100.0, 132.0
荔福路沙园, 113.2622, 23.0882, 27.0, 82.0, 95.0, 1.1, 162.0, 62.0, 101.0
帽峰山, 113.4433, 23.3033, 13.0, 12.0, 62.0, 0.6, 168.0, 48.0, 95.0
