Name, X, Y, SO2, NO2, PM10, CO, O3, PM2_5, AQI
广雅中学, 113.2347, 23.1422, 17.0, 52.0, 45.0, 1.7, 192.0, 40.0, 93.0
市五中, 113.2612, 23.1050, 21.0, 36.0, 38.0, 0.7, 136.0, 37.0, 57.0
市监测站, 113.2597, 23.1331, 14.0, 63.0, 44.0, 1.2, 128.0, 34.0, 79.0
天河职幼, 113.3220, 23.1317, 25.0, 65.0, 46.0, 0.9, 140.0, 30.0, 82.0
麓湖, 113.2765, 23.1542, 9.0, 46.0, 48.0, 0.6, 154.0, 45.0, 63.0
广东商学院, 113.3479, 23.0914, 19.0, 48.0, 40.0, 0.4, 164.0, 31.0, 68.0
市八十六中, 113.4332, 23.1047, 20.0, 61.0, 40.0, 0.4, 245.0, 26.0, 123.0
番禺中学, 113.3516, 22.9475, 32.0, 50.0, 31.0, 1.1, 139.0, 35.0, 63.0
花都师范, 113.2147, 23.3917, 24.0, 39.0, 66.0, 0.7, 282.0, 49.0, 141.0
九龙镇镇龙, 113.5619, 23.3108, 29.0, 51.0, 60.0, 1.2, 284.0, 54.0, 142.0
杨箕路边站, 113.3011, 23.1294, 17.0, 62.0, 76.0, 1.0, 121.0, 33.0, 78.0
黄沙路边站, 113.2314, 23.1161, 13.0, 59.0, 73.0, 1.3, 101.0, 37.0, 74.0
南沙科学馆, 113.6042, 22.7737, 10.0, 18.0, 16.0, 0.6, 92.0, 14.0, 41.0
黄阁子站, 113.4922, 22.8167, 14.0, 38.0, 22.0, 0.3, 129.0, 9.0, 48.0
十八涌, 113.6331, 22.6133, 11.0, 29.0, 14.0, 0.4, 87.0, 13.0, 37.0
番禺沙湾, 113.3367, 22.9090, 20.0, 21.0, 107.0, 0.8, 132.0, 19.0, 79.0
大石中学, 113.3028, 23.0269, 28.0, 42.0, 49.0, 1.5, 148.0, 31.0, 54.0
思源中学, 113.4161, 23.1439, 26.0, 36.0, 38.0, 0.9, 264.0, 34.0, 132.0
龙洞小学, 113.3608, 23.1986, 21.0, 62.0, 52.0, 1.2, 202.0, 37.0, 101.0
西区子站, 113.5256, 23.0632, 29.0, 65.0, 83.0, 1.2, 161.0, 57.0, 82.0
永和子站, 113.5472, 23.2033, 55.0, 45.0, 107.0, 2.1, 220.0, 76.0, 110.0
科学城, 113.4256, 23.1556, 65.0, 52.0, 78.0, 1.0, 242.0, 40.0, 121.0
增城环保局, 113.8214, 23.2872, 16.0, 51.0, 68.0, 1.1, 266.0, 49.0, 134.0
新塘镇政府, 113.6139, 23.1224, 52.0, 62.0, 61.0, 1.1, 253.0, 56.0, 127.0
从化环保局, 113.5894, 23.5538, 17.0, 37.0, 51.0, 1.6, 306.0, 36.0, 153.0
黄埔文冲, 113.4781, 23.0959, 54.0, 71.0, 87.0, 0.5, 141.0, 65.0, 89.0
白云嘉禾, 113.2885, 23.2391, 6.0, 48.0, 68.0, 0.5, 167.0, 68.0, 92.0
荔福路沙园, 113.2622, 23.0882, 17.0, 50.0, 44.0, 0.5, 163.0, 29.0, 72.0
帽峰山, 113.4433, 23.3033, 28.0, 26.0, 55.0, 0.3, 320.0, 41.0, 160.0
