Name, X, Y, SO2, NO2, PM10, CO, O3, PM2_5, AQI
广雅中学, 113.2347, 23.1422, 15.0, 65.0, 26.0, 1.6, 43.0, 36.0, 82.0
市五中, 113.2612, 23.1050, 22.0, 53.0, 28.0, 0.8, 49.0, 33.0, 67.0
市监测站, 113.2597, 23.1331, 13.0, 69.0, 28.0, 1.2, 44.0, 33.0, 87.0
天河职幼, 113.3220, 23.1317, 19.0, 70.0, 26.0, 0.9, 30.0, 24.0, 88.0
麓湖, 113.2765, 23.1542, 9.0, 56.0, 26.0, 0.6, 48.0, 38.0, 70.0
广东商学院, 113.3479, 23.0914, 15.0, 63.0, 28.0, 0.4, 60.0, 28.0, 79.0
市八十六中, 113.4332, 23.1047, 14.0, 65.0, 20.0, 0.5, 79.0, 21.0, 82.0
番禺中学, 113.3516, 22.9475, 28.0, 74.0, 18.0, 1.1, 63.0, 31.0, 93.0
花都师范, 113.2147, 23.3917, 20.0, 51.0, 49.0, 0.7, 72.0, 41.0, 64.0
九龙镇镇龙, 113.5619, 23.3108, 18.0, 54.0, 36.0, 1.1, 43.0, 38.0, 68.0
杨箕路边站, 113.3011, 23.1294, 15.0, 70.0, 60.0, 1.1, 43.0, 27.0, 88.0
黄沙路边站, 113.2314, 23.1161, 13.0, 66.0, 56.0, 1.4, 31.0, 32.0, 83.0
南沙科学馆, 113.6042, 22.7737, 8.0, 18.0, 14.0, 0.8, 67.0, 13.0, 26.0
黄阁子站, 113.4922, 22.8167, 15.0, 52.0, 19.0, 0.4, 67.0, 9.0, 65.0
十八涌, 113.6331, 22.6133, 7.0, 21.0, 10.0, 0.5, 61.0, 9.0, 27.0
番禺沙湾, 113.3367, 22.9090, 18.0, 29.0, 97.0, 0.9, 70.0, 16.0, 74.0
大石中学, 113.3028, 23.0269, 32.0, 62.0, 32.0, 1.3, 66.0, 25.0, 78.0
思源中学, 113.4161, 23.1439, 15.0, 38.0, 20.0, 0.9, 60.0, 18.0, 48.0
龙洞小学, 113.3608, 23.1986, 14.0, 65.0, 47.0, 1.1, 50.0, 24.0, 82.0
西区子站, 113.5256, 23.0632, 13.0, 62.0, 45.0, 1.2, 61.0, 44.0, 78.0
永和子站, 113.5472, 23.2033, 34.0, 50.0, 51.0, 2.0, 57.0, 54.0, 74.0
科学城, 113.4256, 23.1556, 30.0, 52.0, 45.0, 1.1, 55.0, 25.0, 65.0
增城环保局, 113.8214, 23.2872, 11.0, 60.0, 42.0, 1.2, 49.0, 27.0, 75.0
新塘镇政府, 113.6139, 23.1224, 36.0, 65.0, 38.0, 0.6, 55.0, 34.0, 82.0
从化环保局, 113.5894, 23.5538, 9.0, 35.0, 31.0, 1.5, 128.0, 25.0, 44.0
黄埔文冲, 113.4781, 23.0959, 47.0, 76.0, 71.0, 0.5, 32.0, 56.0, 95.0
白云嘉禾, 113.2885, 23.2391, 5.0, 55.0, 48.0, 0.5, 50.0, 48.0, 69.0
荔福路沙园, 113.2622, 23.0882, 15.0, 68.0, 39.0, 0.6, 61.0, 22.0, 85.0
帽峰山, 113.4433, 23.3033, 15.0, 25.0, 33.0, 0.2, 84.0, 24.0, 38.0
