Name, X, Y, SO2, NO2, PM10, CO, O3, PM2_5, AQI
广雅中学, 113.2347, 23.1422, 10.0, 44.0, 50.0, 1.1, 135.0, 42.0, 67.0
市五中, 113.2612, 23.1050, 11.0, 29.0, 47.0, 1.4, 117.0, 47.0, 65.0
市监测站, 113.2597, 23.1331, 9.0, 36.0, 51.0, 0.3, 118.0, 39.0, 56.0
天河职幼, 113.3220, 23.1317, 9.0, 33.0, 47.0, 0.9, 144.0, 42.0, 77.0
麓湖, 113.2765, 23.1542, 12.0, 25.0, 45.0, 0.6, 128.0, 48.0, 67.0
广东商学院, 113.3479, 23.0914, 5.0, 11.0, 45.0, 0.5, 136.0, 38.0, 72.0
市八十六中, 113.4332, 23.1047, 5.0, 17.0, 37.0, 0.7, 143.0, 29.0, 77.0
番禺中学, 113.3516, 22.9475, 15.0, 33.0, 44.0, 1.0, 146.0, 43.0, 75.0
花都师范, 113.2147, 23.3917, 16.0, 7.0, 54.0, 1.3, 176.0, 47.0, 109.0
九龙镇镇龙, 113.5619, 23.3108, -1.0, -1.0, -1.0, -1.0, -1.0, -1.0, -1.0
杨箕路边站, 113.3011, 23.1294, 13.0, 41.0, 79.0, 0.9, 67.0, 38.0, 65.0
黄沙路边站, 113.2314, 23.1161, 11.0, 53.0, 67.0, 1.2, 138.0, 41.0, 68.0
南沙科学馆, 113.6042, 22.7737, 36.0, 29.0, 27.0, 0.8, 161.0, 28.0, 83.0
黄阁子站, 113.4922, 22.8167, 21.0, 22.0, 50.0, 0.7, 128.0, 30.0, 69.0
十八涌, 113.6331, 22.6133, 21.0, 31.0, 31.0, 0.6, 150.0, 30.0, 77.0
番禺沙湾, 113.3367, 22.9090, 15.0, 31.0, 46.0, 0.9, 136.0, 38.0, 67.0
大石中学, 113.3028, 23.0269, 9.0, 25.0, 47.0, 0.9, 123.0, 33.0, 59.0
思源中学, 113.4161, 23.1439, 7.0, 19.0, 54.0, -1.0, 144.0, 30.0, 80.0
龙洞小学, 113.3608, 23.1986, 8.0, 27.0, 46.0, 1.3, 132.0, 39.0, 71.0
西区子站, 113.5256, 23.0632, 12.0, 28.0, 52.0, 1.9, 120.0, 39.0, 58.0
永和子站, 113.5472, 23.2033, 11.0, 6.0, 43.0, 1.1, 111.0, 42.0, 59.0
科学城, 113.4256, 23.1556, 22.0, 10.0, 47.0, 1.5, 121.0, 28.0, 59.0
增城环保局, 113.8214, 23.2872, 4.0, 19.0, 34.0, 1.3, 99.0, 32.0, 46.0
新塘镇政府, 113.6139, 23.1224, 12.0, 22.0, 48.0, 1.0, 117.0, 42.0, 59.0
从化环保局, 113.5894, 23.5538, 4.0, 11.0, 36.0, 0.8, 127.0, 30.0, 68.0
黄埔文冲, 113.4781, 23.0959, 8.0, 31.0, 54.0, 0.6, 72.0, 34.0, 52.0
白云嘉禾, 113.2885, 23.2391, 9.0, 40.0, 61.0, 1.6, 110.0, 46.0, 64.0
荔福路沙园, 113.2622, 23.0882, 6.0, 39.0, 53.0, 0.8, 125.0, 36.0, 60.0
帽峰山, 113.4433, 23.3033, 7.0, 10.0, 37.0, 0.6, 151.0, 30.0, 87.0
