Name, X, Y, SO2, NO2, PM10, CO, O3, PM2_5, AQI
广雅中学, 113.2347, 23.1422, 13.0, 31.0, 36.0, 1.9, 108.0, 23.0, 48.0
市五中, 113.2612, 23.1050, 17.0, 25.0, 25.0, 0.3, 77.0, 20.0, 32.0
市监测站, 113.2597, 23.1331, 9.0, 40.0, 29.0, 1.1, 69.0, 19.0, 50.0
天河职幼, 113.3220, 23.1317, 14.0, 43.0, 31.0, 1.0, 55.0, 15.0, 54.0
麓湖, 113.2765, 23.1542, 6.0, 30.0, 27.0, 0.2, 81.0, 24.0, 38.0
广东商学院, 113.3479, 23.0914, 13.0, 21.0, 28.0, 0.8, 87.0, 15.0, 34.0
市八十六中, 113.4332, 23.1047, 10.0, 20.0, 29.0, 0.6, 92.0, 12.0, 39.0
番禺中学, 113.3516, 22.9475, 27.0, 28.0, 24.0, 1.0, 64.0, 21.0, 35.0
花都师范, 113.2147, 23.3917, 9.0, 15.0, 33.0, 0.5, 96.0, 22.0, 36.0
九龙镇镇龙, 113.5619, 23.3108, 23.0, 32.0, 35.0, 0.9, 56.0, 26.0, 40.0
杨箕路边站, 113.3011, 23.1294, 12.0, 38.0, 54.0, 0.9, 61.0, 15.0, 52.0
黄沙路边站, 113.2314, 23.1161, 14.0, 45.0, 50.0, 1.1, 50.0, 19.0, 57.0
南沙科学馆, 113.6042, 22.7737, 5.0, 16.0, 11.0, 0.5, 58.0, 11.0, 21.0
黄阁子站, 113.4922, 22.8167, 25.0, 37.0, 27.0, 0.3, 67.0, 10.0, 47.0
十八涌, 113.6331, 22.6133, 9.0, 20.0, 12.0, 0.3, 51.0, 12.0, 25.0
番禺沙湾, 113.3367, 22.9090, 13.0, 12.0, 92.0, 0.6, 66.0, 13.0, 71.0
大石中学, 113.3028, 23.0269, 22.0, 27.0, 25.0, 0.7, 70.0, 15.0, 34.0
思源中学, 113.4161, 23.1439, 12.0, 25.0, 20.0, 1.3, 87.0, 12.0, 34.0
龙洞小学, 113.3608, 23.1986, 12.0, 39.0, 31.0, 1.1, 81.0, 18.0, 49.0
西区子站, 113.5256, 23.0632, -1.0, -1.0, -1.0, -1.0, -1.0, -1.0, -1.0
永和子站, 113.5472, 23.2033, 40.0, 30.0, 40.0, 1.8, 61.0, 36.0, 52.0
科学城, 113.4256, 23.1556, 35.0, 25.0, 43.0, 0.9, 66.0, 17.0, 43.0
增城环保局, 113.8214, 23.2872, 5.0, 25.0, 32.0, 0.7, 56.0, 15.0, 32.0
新塘镇政府, 113.6139, 23.1224, 38.0, 16.0, 32.0, 0.8, 70.0, 20.0, 38.0
从化环保局, 113.5894, 23.5538, 10.0, 23.0, 25.0, 1.3, 82.0, 15.0, 34.0
黄埔文冲, 113.4781, 23.0959, 39.0, 32.0, 55.0, 0.3, 39.0, 18.0, 53.0
白云嘉禾, 113.2885, 23.2391, 5.0, 22.0, 36.0, 0.7, 9.0, 33.0, 48.0
荔福路沙园, 113.2622, 23.0882, 14.0, 34.0, 29.0, 0.5, 88.0, 12.0, 43.0
帽峰山, 113.4433, 23.3033, 15.0, 19.0, 25.0, 0.8, 97.0, 16.0, 36.0
