Name, X, Y, SO2, NO2, PM10, CO, O3, PM2_5, AQI
广雅中学, 113.2347, 23.1422, 13.0, 31.0, 41.0, 0.8, 156.0, 28.0, 53.0
市五中, 113.2612, 23.1050, 32.0, 36.0, 35.0, 1.1, 106.0, 23.0, 45.0
市监测站, 113.2597, 23.1331, 16.0, 46.0, 38.0, 1.2, 119.0, 22.0, 58.0
天河职幼, 113.3220, 23.1317, 18.0, 41.0, 45.0, 0.7, 155.0, 25.0, 54.0
麓湖, 113.2765, 23.1542, 17.0, 29.0, 45.0, 0.6, 130.0, 31.0, 45.0
广东商学院, 113.3479, 23.0914, 15.0, 28.0, 44.0, 0.8, 164.0, 24.0, 96.0
市八十六中, 113.4332, 23.1047, 17.0, 27.0, 34.0, 0.6, 193.0, 23.0, 92.0
番禺中学, 113.3516, 22.9475, 26.0, 37.0, 36.0, 0.9, 130.0, 31.0, 47.0
花都师范, 113.2147, 23.3917, 24.0, 26.0, 48.0, 1.3, 225.0, 36.0, 113.0
九龙镇镇龙, 113.5619, 23.3108, 12.0, 8.0, 46.0, 0.8, 179.0, 41.0, 74.0
杨箕路边站, 113.3011, 23.1294, 16.0, 21.0, 66.0, 0.7, 109.0, 22.0, 58.0
黄沙路边站, 113.2314, 23.1161, 8.0, 46.0, 63.0, 1.0, 141.0, 22.0, 58.0
南沙科学馆, 113.6042, 22.7737, 14.0, 19.0, 17.0, 0.7, 84.0, 14.0, 33.0
黄阁子站, 113.4922, 22.8167, 20.0, 24.0, 30.0, 0.6, 90.0, 11.0, 35.0
十八涌, 113.6331, 22.6133, 6.0, 14.0, 14.0, 0.4, 83.0, 12.0, 39.0
番禺沙湾, 113.3367, 22.9090, 30.0, 36.0, 49.0, 0.8, 137.0, 22.0, 49.0
大石中学, 113.3028, 23.0269, 1.0, 31.0, 40.0, 0.6, 101.0, 21.0, 40.0
思源中学, 113.4161, 23.1439, 15.0, 34.0, 27.0, 1.5, 190.0, 23.0, 88.0
龙洞小学, 113.3608, 23.1986, 13.0, 50.0, 50.0, 1.3, 152.0, 29.0, 63.0
西区子站, 113.5256, 23.0632, 36.0, 43.0, 61.0, 1.6, 164.0, 37.0, 56.0
永和子站, 113.5472, 23.2033, 21.0, 41.0, 71.0, 1.3, 131.0, 49.0, 68.0
科学城, 113.4256, 23.1556, 24.0, 34.0, 65.0, 1.6, 149.0, 28.0, 58.0
增城环保局, 113.8214, 23.2872, 13.0, 38.0, 46.0, 1.3, 165.0, 29.0, 57.0
新塘镇政府, 113.6139, 23.1224, 36.0, 36.0, 47.0, 0.9, 189.0, 29.0, 87.0
从化环保局, 113.5894, 23.5538, 7.0, 22.0, 32.0, 2.0, 167.0, 19.0, 63.0
黄埔文冲, 113.4781, 23.0959, 11.0, 47.0, 66.0, 0.5, 111.0, 30.0, 59.0
白云嘉禾, 113.2885, 23.2391, 6.0, 54.0, 61.0, 1.4, 151.0, 27.0, 68.0
荔福路沙园, 113.2622, 23.0882, 12.0, 37.0, 40.0, 0.7, 123.0, 17.0, 47.0
帽峰山, 113.4433, 23.3033, 12.0, 20.0, 35.0, 0.4, 203.0, 21.0, 140.0
