Name, X, Y, SO2, NO2, PM10, CO, O3, PM2_5, AQI
广雅中学, 113.2347, 23.1422, 22.0, 67.0, 65.0, 1.4, 136.0, 53.0, 84.0
市五中, 113.2612, 23.1050, 22.0, 54.0, 65.0, 1.1, 43.0, 50.0, 69.0
市监测站, 113.2597, 23.1331, 24.0, 72.0, 64.0, 1.2, 119.0, 44.0, 90.0
天河职幼, 113.3220, 23.1317, 31.0, 62.0, 56.0, 1.6, 164.0, 40.0, 88.0
麓湖, 113.2765, 23.1542, 10.0, 40.0, 51.0, 1.7, 114.0, 50.0, 69.0
广东商学院, 113.3479, 23.0914, 21.0, 59.0, 62.0, 0.7, 152.0, 42.0, 79.0
市八十六中, 113.4332, 23.1047, 11.0, 22.0, 58.0, 0.9, 218.0, 36.0, 124.0
番禺中学, 113.3516, 22.9475, 47.0, 87.0, 70.0, 1.2, 209.0, 65.0, 105.0
花都师范, 113.2147, 23.3917, 26.0, 24.0, 58.0, 0.9, 132.0, 38.0, 60.0
九龙镇镇龙, 113.5619, 23.3108, 21.0, 32.0, 54.0, 1.1, 124.0, 41.0, 59.0
杨箕路边站, 113.3011, 23.1294, 21.0, 106.0, 99.0, 1.1, 71.0, 47.0, 113.0
黄沙路边站, 113.2314, 23.1161, 16.0, 63.0, 93.0, 1.4, 136.0, 47.0, 79.0
南沙科学馆, 113.6042, 22.7737, 37.0, 49.0, 61.0, 0.7, 191.0, 45.0, 96.0
黄阁子站, 113.4922, 22.8167, 53.0, 72.0, 89.0, 1.0, 238.0, 87.0, 119.0
十八涌, 113.6331, 22.6133, 28.0, 43.0, 50.0, 0.8, 269.0, 61.0, 150.0
番禺沙湾, 113.3367, 22.9090, 38.0, 34.0, 76.0, 1.0, 278.0, 56.0, 157.0
大石中学, 113.3028, 23.0269, 44.0, 64.0, 83.0, 0.6, 172.0, 48.0, 80.0
思源中学, 113.4161, 23.1439, 12.0, 30.0, 40.0, 1.4, 155.0, 31.0, 74.0
龙洞小学, 113.3608, 23.1986, 14.0, 44.0, 56.0, 1.1, 122.0, 38.0, 57.0
西区子站, 113.5256, 23.0632, 13.0, 54.0, 80.0, 1.3, 146.0, 58.0, 79.0
永和子站, 113.5472, 23.2033, 22.0, 51.0, 121.0, 1.6, 25.0, 58.0, 86.0
科学城, 113.4256, 23.1556, 23.0, 24.0, 62.0, 1.1, 154.0, 30.0, 70.0
增城环保局, 113.8214, 23.2872, 23.0, 40.0, 48.0, 1.1, 111.0, 30.0, 50.0
新塘镇政府, 113.6139, 23.1224, 29.0, 49.0, 58.0, 0.8, 39.0, 46.0, 64.0
从化环保局, 113.5894, 23.5538, 11.0, 24.0, 41.0, 1.3, 97.0, 31.0, 45.0
黄埔文冲, 113.4781, 23.0959, 22.0, 58.0, 80.0, 0.8, 90.0, 43.0, 73.0
白云嘉禾, 113.2885, 23.2391, 9.0, 58.0, 80.0, 0.8, 127.0, 64.0, 87.0
荔福路沙园, 113.2622, 23.0882, 21.0, 69.0, 66.0, 1.0, 144.0, 42.0, 87.0
帽峰山, 113.4433, 23.3033, 13.0, 20.0, 40.0, 0.5, 153.0, 30.0, 82.0
