Name, X, Y, SO2, NO2, PM10, CO, O3, PM2_5, AQI
广雅中学, 113.2347, 23.1422, 23.0, 30.0, 33.0, 0.7, 130.0, 26.0, 49.0
市五中, 113.2612, 23.1050, 17.0, 21.0, 29.0, 1.1, 83.0, 24.0, 37.0
市监测站, 113.2597, 23.1331, 14.0, 39.0, 28.0, 1.1, 95.0, 19.0, 49.0
天河职幼, 113.3220, 23.1317, 13.0, 32.0, 31.0, 0.9, 121.0, 19.0, 45.0
麓湖, 113.2765, 23.1542, 16.0, 21.0, 30.0, 0.3, 110.0, 28.0, 42.0
广东商学院, 113.3479, 23.0914, 17.0, 20.0, 31.0, 0.7, 115.0, 20.0, 44.0
市八十六中, 113.4332, 23.1047, 14.0, 14.0, 32.0, 0.5, 157.0, 16.0, 60.0
番禺中学, 113.3516, 22.9475, 20.0, 29.0, 27.0, 0.9, 109.0, 27.0, 44.0
花都师范, 113.2147, 23.3917, 17.0, 20.0, 40.0, 1.1, 182.0, 27.0, 89.0
九龙镇镇龙, 113.5619, 23.3108, 20.0, 13.0, 52.0, 0.7, 144.0, 40.0, 57.0
杨箕路边站, 113.3011, 23.1294, 15.0, 17.0, 57.0, 0.6, 100.0, 19.0, 54.0
黄沙路边站, 113.2314, 23.1161, 12.0, 47.0, 64.0, 1.1, 131.0, 23.0, 59.0
南沙科学馆, 113.6042, 22.7737, 11.0, 18.0, 10.0, 0.6, 77.0, 10.0, 34.0
黄阁子站, 113.4922, 22.8167, 24.0, 20.0, 26.0, 0.5, 86.0, 10.0, 38.0
十八涌, 113.6331, 22.6133, 6.0, 10.0, 11.0, 0.3, 70.0, 12.0, 30.0
番禺沙湾, 113.3367, 22.9090, 18.0, 26.0, 41.0, 0.7, 117.0, 19.0, 45.0
大石中学, 113.3028, 23.0269, 20.0, 24.0, 31.0, 0.6, 96.0, 16.0, 43.0
思源中学, 113.4161, 23.1439, 15.0, 24.0, 20.0, 1.2, 143.0, 15.0, 61.0
龙洞小学, 113.3608, 23.1986, 12.0, 41.0, 36.0, 1.1, 132.0, 23.0, 52.0
西区子站, 113.5256, 23.0632, 32.0, 31.0, 55.0, 1.3, 125.0, 26.0, 53.0
永和子站, 113.5472, 23.2033, 33.0, 34.0, 75.0, 1.0, 126.0, 43.0, 63.0
科学城, 113.4256, 23.1556, 34.0, 26.0, 49.0, 1.3, 120.0, 19.0, 49.0
增城环保局, 113.8214, 23.2872, 10.0, 35.0, 42.0, 0.9, 135.0, 24.0, 60.0
新塘镇政府, 113.6139, 23.1224, 35.0, 25.0, 39.0, 0.7, 143.0, 27.0, 62.0
从化环保局, 113.5894, 23.5538, 13.0, 27.0, 38.0, 1.8, 172.0, 23.0, 66.0
黄埔文冲, 113.4781, 23.0959, 6.0, 27.0, 42.0, 0.3, 75.0, 21.0, 42.0
白云嘉禾, 113.2885, 23.2391, 7.0, 46.0, 41.0, 1.2, 123.0, 24.0, 58.0
荔福路沙园, 113.2622, 23.0882, 11.0, 31.0, 32.0, 0.7, 105.0, 18.0, 45.0
帽峰山, 113.4433, 23.3033, 12.0, 16.0, 28.0, 0.3, 183.0, 18.0, 82.0
