name	X	Y	elevation
﻿广州东站	113.325756	23.152011	17
体育中心	113.328650	23.134583	13
体育西	113.321708	23.130411	12
杨箕	113.309067	23.128086	14
东山口	113.294969	23.124297	19
烈士陵园	113.284617	23.126300	20
农讲所，	113.275764	23.126867	22
公园前，	113.264086	23.125208	13
西门口，	113.255558	23.125078	23
陈家祠，	113.245911	23.125883	13
长寿路，	113.242306	23.117858	18
黄沙，	113.239100	23.110975	9
芳村，	113.235658	23.097836	4
花地湾，	113.233628	23.087558	12
坑口，	113.232356	23.079508	13
西朗，	113.232453	23.065683	6
嘉禾望岗	113.291197	23.239006	6
黄边	113.289797	23.221036	10
江夏	113.283564	23.211331	10
萧岗	113.280697	23.198581	21
白云文化广场	113.275678	23.189714	22
白云公园	113.271011	23.181619	12
飞翔公园	113.264142	23.169167	17
三元里	113.257500	23.159344	12
广州火车站	113.261489	23.146647	33
越秀公园	113.260147	23.140556	47
纪念堂	113.263056	23.130833	44
海珠广场	113.264981	23.115231	10
市二宫	113.269608	23.106422	12
江南西	113.273383	23.097778	15
江泰路	113.280556	23.082214	11
东晓南	113.294419	23.070833	10
南洲	113.297664	23.064444	10
洛溪	113.298747	23.043169	9
南洲	113.297664	23.064583	10
会江	113.286383	23.013131	1
石壁	113.277497	22.992053	7
广州南站	113.270678	22.990000	-5
番禺广场	113.385094	22.936061	9
市桥	113.362367	22.949617	11
汉溪长隆	113.339219	22.998747	10
大石	113.322250	23.018503	-2
厦滘	113.320475	23.038514	3
沥滘	113.319333	23.054747	0
大塘	113.321300	23.077739	6
客村	113.321181	23.095997	12
赤岗塔	113.322994	23.106903	3
珠江新城	113.320056	23.119128	1
林和西	113.324089	23.141392	25
石牌桥	113.331817	23.133611	16
岗顶	113.340433	23.134972	17
华师	113.344939	23.140556	17
五山	113.351594	23.152478	38
天河客运站	113.342950	23.171144	37
黄村	113.413472	23.125564	3
车陂	113.527778	22.996150	-1
车陂南	113.389583	23.115969	2
万胜围	113.384297	23.097478	5
官洲	113.376417	23.066286	5
大学城北	113.384358	23.058058	10
大学城南	113.400867	23.043147	3
新造	113.415481	23.027964	17
石碁	113.465556	22.956992	1
海傍	113.475608	22.939928	-3
低涌	113.484903	22.919897	-3
东涌	113.478786	22.886164	-2
黄阁汽车城	113.510197	22.835625	-2
黄阁	113.518978	22.824856	-2
蕉门	113.530464	22.801111	-2
金洲	113.538972	22.792222	0
滘口站	113.208561	23.113708	6
坦尾站	113.217719	23.125533	1
中山八站	113.232819	23.126014	8
西场站	113.237400	23.137556	10
西村站	113.241758	23.141819	12
小北站	113.276447	23.139453	30
淘金站	113.286569	23.136361	28
区庄站	113.296636	23.134453	22
动物园站	113.307300	23.134503	5
五羊邨站	113.314444	23.119722	3
猎德站	113.332731	23.118492	3
潭村站	113.345697	23.117392	0
员村站	113.363292	23.116650	9
科韵路站	113.370397	23.115544	7
东圃站	113.401575	23.109392	3
三溪站	113.415689	23.104133	2
鱼珠站	113.432222	23.100431	8
大沙地站	113.446628	23.103489	7
大沙东站	113.458333	23.106219	4
文冲站	113.468942	23.103833	20
凤凰新村	113.255919	23.094856	20
沙园	113.260458	23.088833	16
宝岗大道	113.269383	23.086008	12
昌岗	113.276858	23.090556	15
晓港	113.282056	23.093364	18
中大	113.293711	23.091806	17
鹭江	113.307500	23.095567	11
赤岗	113.334428	23.097514	9
磨碟沙	113.342583	23.098667	1
新港东	113.358253	23.098706	0
琶洲	113.367133	23.098122	0
